28.5780119656998
34.2898694967319
32.9341631140401
38.6083451854027
99.3314795575664
53.676171278861
36.7502571131514
20.4844386081275
28.2572877244047
30.6608651898473
10.0544853641536
34.7052091719282
33.5930820666674
33.4766274193608
28.4600501594725
52.5496676254145
26.3334354969217
82.6870930044219
23.728397957084
34.796391002488
27.987728742304
27.0474005994177
33.0033465498464
24.8413154331667
30.3243370858057
9.48340172220133
22.0687403819089
33.2183030710095
16.5479309551699
34.0018368643115
15.84686230631
17.4362571276588
43.0884192533208
30.422523294489
8.20353496248092
35.6456048738747
32.076083339685
31.1973003908764
38.7573714606783
37.77540493461
24.7367459872759
17.5364618250566
8.45632208848622
28.493878123911
24.6575134273311
11.777067871523
23.1697463812122
30.0709993332166
3.11546030567745
20.7637699821821
15.0485810967608
10.576912852751
32.6522287172467
22.4983054016319
13.910228737923
23.2505398816801
26.4997228093957
27.9472675983139
37.2401391138104
23.7631860924899
35.956689549049
28.0236007598232
36.8167078113552
33.0847377475364
33.2995428183989
37.6737054784041
30.1860766277442
20.7776817392897
27.9885203425207
28.1473376159521
27.6051722485124
34.2253625996375
12.3790700519246
15.6530685313921
15.9440562794614
27.4625648769443
31.1941059690006
19.8143835805497
39.826885199329
34.6412684309211
8.77674524009812
30.0270628298423
17.4288678048092
30.0039063256005
33.916032623772
30.2288512442256
37.5175230898605
27.0024436510003
25.3019954257816
26.6937287757984
31.7751299867324
28.4291325803306
25.9547970851446
23.0605408271963
30.2134405848734
27.6084358994304
27.1129424776535
24.6058064353094
41.1495906106831
75.3278049837161
23.3750429243204
25.942528400734
32.3150562936767
24.6955712587383
24.6327946278976
24.9094058962685
31.4632748093802
33.1350401851592
22.2427829005497
20.5254538221637
33.4292842280048
24.5321059370313
24.854003242341
30.6842066292031
34.5925340224182
24.7614335551749
34.8055579287223
28.6789319706647
32.9018188022679
32.5407567751096
31.4947345114341
25.7581199203344
59.9577864986903
75.0750421564665
23.3311754431931
31.1554046137529
28.196657070615
19.2638856253404
15.4148451377618
21.4770929520153
24.5058904849583
27.1112137998054
33.5691336786726
23.057148091822
30.7110177084883
39.2973284936004
32.772654468825
30.045304389801
7.96947868850141
23.467435751579
56.8206946991391
21.8690104994659
21.703607260697
21.9466276539689
23.2426402370925
34.2893863842723
32.0417027328725
29.4041307434139
33.9171749761207
30.2693074127627
22.1977611375832
35.08758994608
17.8200887260022
21.5810063561004
32.0297196354602
25.8710423550041
28.8554647938583
24.7909378710988
24.2265394460735
34.8917178463398
30.9967108923587
35.1590296176633
45.1569446272959
23.0580891490456
34.0846129835227
31.8506337891876
28.5141466164902
30.9758921571563
36.2496835126785
34.0176293769185
27.4560738133681
39.1089450419084
23.3889951069906
32.3293886604951
32.7054826184472
20.6144908526071
32.8528796219786
31.564669523698
25.8013997126014
37.0823801621158
25.5846515536516
15.610227689359
24.7068135516867
32.6542997823673
30.634081392296
22.5013593100292
28.2744838558234
39.370826574441
35.7156309828501
29.2987344327431
28.0755125851528
31.4189811554422
21.0320433708325
15.9726378958833
27.4119460519193
17.4202720121462
17.4151668304912
30.9400067018156
27.7432416778315
31.9891930033808
29.6298305278657
25.2173582182968
5.80010088984586
6.92501693049
15.6156868425256
7.24534621260633
8.92465533070785
36.6253741909766
28.8714347096007
35.1837401882207
32.8078184541489
29.3013561800178
27.6520406530954
29.2331485910175
9.0729044862003
8.73515611622563
41.1944175361756
35.5614370966981
29.7385134326968
35.2551386228987
27.0720272597681
26.5336090318346
21.2983591622151
32.5036450393498
29.5045253999445
10.8746920434619
14.4321377432281
13.7925599422833
5.3800260005745
52.7420924765086
22.7992539331988
22.1836039718804
17.5733246371313
35.5760308291221
30.5452393711651
23.4324165123054
27.9781469589572
37.1893060938516
33.1413436251853
22.9948913049436
24.4105645286453
10.0377044171816
12.4055123082948
29.4472405092152
47.3642812714289
24.9251613555014
27.9611738561109
17.7905484210774
18.4057767349744
20.9902451236442
24.2132559298695
12.9753021040884
34.117955018619
27.2906816598318
24.2236564800889
35.510556377137
34.2244991222447
31.1035728858617
14.5206480505496
29.5640273135786
29.2026773622188
26.5016291540433
56.9266277500265
19.754671078945
10.0651708597233
26.4907952637174
23.9384479868498
24.927009877061
24.7589010975404
30.0950401919073
31.2760792278405
26.4390717574879
29.4077916106627
33.5771609932522
29.4084156720061
38.5512058681347
20.4370698169925
29.7631454454664
22.4881443038492
4.1107455035303
17.9472650021448
30.3924153585623
35.0085868761711
16.0538198119707
26.1229188764963
30.7401564444257
24.6569848798918
17.8080000687841
31.9185241712053
29.8897891257561
29.3722019362994
44.6265352672896
23.4911804853886
41.3229357861989
30.4135271361728
30.5467301301089
27.9311343150668
28.7304716300492
36.8957514605899
25.0453589398025
37.6432100850197
28.7096695203251
29.098763455014
44.9198994452214
35.2526261323876
29.5968274314364
32.5948634502917
27.4021727270435
35.4107435563395
30.1091151789911
14.3634197510015
34.0359838162211
22.4373853702158
31.6333010219763
23.3968195263936
25.5894152700788
28.899945030153
27.2914631177689
30.235827179119
35.6916751874601
30.2165975263384
30.5575696650959
35.2300667368969
36.9603790811397
33.4279980980406
33.5948632792829
22.8279877174136
34.7843163819233
24.9990270444698
32.2900869761357
22.617901881745
34.8695258889968
32.453480809695
18.2121727190251
26.2638980364759
35.774255624438
37.9448713013385
31.538009752947
24.4020269673083
11.7216331710415
15.3435825677049
25.9785431956706
25.8334111202402
17.9870589348979
18.5033689120379
33.8340975763522
28.2967253492283
5.87008290409358
15.241606680882
33.4934957959411
25.2432249234546
31.1859394599663
28.7618782288942
24.4693056722656
10.5623708463476
30.5494080607388
21.6710062532111
17.6154603803632
55.6629630274445
25.3388157121242
72.4628427422285
96.8424937454037
25.8993922364799
48.867074626334
32.7476629252099
31.3430027739289
23.3566396233254
72.8847114535285
40.8019435576708
49.4580223145466
32.3174803358536
31.5928579360569
38.5312814670591
26.7047608419015
28.6633773851968
55.7024493697653
69.0515203922764
28.0846217700854
38.3386699128403
28.4678193558828
23.6963029326707
32.9025881610906
68.2566883037435
29.8982741519994
35.9624016330987
40.9676159107026
29.6361074790683
27.4616208721575
25.8669740627659
22.4596832353869
35.4933744385751
31.8907955811638
39.7103087455213
42.1927517360985
81.5721960465009
64.7905826636221
36.9004219350187
44.1694427434756
35.1361567793915
82.4139490319643
99.0924445147221
52.5769197594893
63.4834116184508
33.1914563661585
28.5468593452967
42.1631624118216
28.6227563224333
38.377229330632
32.2079977326786
35.6010639912105
31.2370490199062
26.1735627537111
35.7331790434638
29.1599981640496
29.9509777685428
30.3916727715189
34.0012714305777
33.0873232660956
30.7621738509295
35.2954290384481
37.0655800626778
49.3833124076845
62.350907740528
30.3741252602729
47.3282276870983
38.3923219846639
30.0615401804434
67.0578348807929
36.9559371382301
37.9620660113469
51.7241896348587
41.664148490943
29.0364103119996
28.7439455489399
30.3972502794583
25.1127641408646
35.1556034308141
33.3270650087279
27.7554152336255
35.3064552039997
34.594206079632
36.7112370132406
30.3898357616748
49.3037108140375
52.4540855362368
33.0013720347095
37.8157298209326
31.0077824324997
28.3879247086058
27.9598922964618
32.7032513727333
38.2655787305565
30.9638223515071
28.9762671006734
30.8464168855863
32.1414324155793
39.6660365029171
32.1721774869069
38.7030100089455
35.1316368034548
26.0876323804103
31.9371537750443
32.505440580111
34.2804665149238
34.8323927617055
32.8435969700551
37.5446966200251
40.5157476199843
27.6009152488104
37.2713623445193
31.5156518506769
33.5657171648234
36.6101608209986
35.6073752489454
38.0076978790562
39.9667355678474
39.9073777504183
27.8280910743137
30.3409301815341
49.8886303027931
37.6752603508198
33.9425934113936
34.9845290996781
39.1467462658636
36.6223908262178
36.7558731926108
33.6380533968835
31.6734838422692
33.1612866458021
34.7034398806838
22.5867106344849
19.8230616692271
35.3170751411553
36.7769346791659
36.5283130210091
27.5696738552283
30.9338941606629
29.6634376504212
39.0924855485371
39.2134333127199
32.5351083345209
51.5079764000575
40.8810836530538
34.0940748969637
33.5877591450195
21.8846340784136
34.8206150342523
34.524302144321
33.1845743409181
36.99572077101
37.9651448882225
34.5419810386327
42.6307572009939
30.8561398085417
34.5025238572987
39.287918872442
37.3708610608022
39.6580036768864
32.3659655377944
45.593261971018
37.3516467725583
30.6356125814044
28.4843168389833
31.9984286334504
20.8755913508793
30.6890939104515
34.084606428141
39.2266472641812
35.455671435122
38.6698139499513
35.4793615168994
36.5999818832275
28.6237403980226
29.1122075363682
40.3236111019802
41.0945919001173
31.2133604814719
27.1535986883806
40.0159517920354
34.5362005212186
33.0843822984205
30.1635142833134
37.6927068349981
40.4468993507686
31.9692835866158
30.5332867970801
30.6057883655814
31.5533532831643
34.1657007832194
35.4137927589132
30.1766611318153
32.310889798466
39.51219202348
41.7295647606059
35.9428720587734
43.9071785395008
38.7362167029492
33.9961599391325
26.4615286762305
28.2325823568152
36.0666216097121
33.7752368073487
37.8882705321887
39.660529959839
30.6658821942091
40.5013049259474
45.491051666471
21.7678087224245
32.0743024309567
24.690223530286
33.9166965339854
25.7921395933884
35.1681028857875
38.8863035561135
34.012153496606
31.4403023605373
33.698067460728
34.4339105465135
37.9882164308737
33.1454788367275
36.4572776368739
44.075885296813
26.9305979042291
33.0196338891352
39.7662800224285
19.0683337843605
23.6414364951229
31.4164589190185
51.6961232316165
36.6782269206725
32.5772547067556
28.6467556571487
27.1290324453636
31.1843372538516
24.8144501639346
28.6791531295435
24.3263990080884
37.2609473122157
27.6816585262351
33.1551266498042
35.2154877008002
35.4661793818876
35.7064650340289
36.6821765944714
36.7301803070114
36.7004007068689
42.2838853331091
36.8987152411316
36.798155756361
31.8201069749066
34.5684485437481
77.0410889965286
32.9361129571489
37.8245294759233
27.4794534823901
30.3793480055226
30.4641288752887
33.0851415190983
28.8754701294102
42.1809670864426
25.6690869080859
28.3332365952806
45.1533959438552
26.7218393336132
36.6205287699645
26.5891688938471
30.4590091753296
24.7718999605355
36.6486354202405
39.4154337019288
39.1429650315936
39.1441054059908
36.1971197377239
33.7109939456153
37.6189320086674
35.4839475545905
36.8698979708167
34.7123763693778
32.9940184335861
33.2119468289822
33.6139140119058
30.5578051325415
29.6330664961693
23.4132270062677
35.7324309433874
47.5503827104761
32.3286604877827
33.3083281265011
37.9119502908915
31.9199047206725
26.548377856255
29.0493425402521
33.634592648695
29.9664372996664
31.260933172165
33.9518484074834
40.5611154092101
40.4003026492648
36.1740068427941
30.4989181698868
29.0669151254278
27.4613754668739
27.561510793714
31.8164840491981
28.678387832593
33.035275300792
27.8549035169694
33.5137102440941
46.4476800020604
31.7104698243052
29.3073970570894
33.8304330223485
42.8173854143722
46.069995579994
27.952706312146
24.5672266752493
38.7870237330639
30.0571422895903
40.136124031302
26.1068630928698
38.6614820413537
39.2707404069586
35.6403602699314
39.7184567184707
29.3034597666762
30.2466013651454
36.3340542071596
29.9939246258226
32.9642208257344
29.1437183590104
38.8119968131894
51.3281314432848
45.3890773861663
29.9919038881906
35.2616119211243
32.6002779533983
33.7551673888954
47.2146116637821
18.6948458528223
32.5476538984442
28.5818635173502
29.3836281151448
44.4157284040297
25.7934547478379
37.3547657733534
35.0938649855174
27.7456436240036
30.3588125542998
30.2936248889098
36.1951952491288
38.7213791219679
32.4196276466298
35.6587260018122
32.7103951576102
39.8154438327915
29.2310128430215
51.3902912309398
28.6177917021752
44.9616253245495
25.9435792483924
34.7709088083206
33.9573918773442
29.9897716168245
27.5994447820296
44.2432155613344
35.628920171093
34.8798907195528
40.2938527107829
31.7422361401072
29.2765511280353
29.2365001581206
35.0694600121539
47.2858868405624
26.6952321700605
24.6861788536262
26.8777315755227
33.9935070937685
34.8170805608972
27.5717625773427
34.2340195691108
25.7919651320003
34.2612236239879
31.4893794364875
36.6258763873564
34.1124924051111
38.8652009574445
73.5436745815911
38.8961776729543
31.1228072738851
25.0925463284505
33.0877258792409
40.4697675569674
35.5782678680607
35.3857717804371
31.6559255979395
28.9962696908575
25.1686390312952
31.5451372962833
32.7030510747396
57.9140770422436
84.0826047554681
32.9753437029874
36.2325189854917
37.2996842417717
35.5712347537687
37.5811721665764
30.6792968786591
33.3763453126518
40.688408116404
49.0938982670369
31.696592419743
35.7250104888572
34.5809825135551
36.8844509030767
26.8730207095974
37.3572995869305
24.5730069508752
33.8215783342917
30.2136247028177
28.2203513293217
32.9741238926795
33.9358871381957
29.1223247308251
38.3911433942882
47.3769031564334
26.3105069204115
28.6933737501439
35.3396101922698
33.2505112762734
42.0592882226189
35.4824203314407
14.1063289014068
26.5969530443781
34.6188983229691
31.7845771753002
42.4471937518953
24.8282004878416
32.5776597307616
23.5879665369802
25.1095093161152
29.5945903219178
26.2802134595535
29.2306682453878
35.131933694892
28.9306803374359
38.8339161225563
44.4754568464233
36.3869682916909
34.10385812127
30.9074805961052
35.4215928515083
24.6867853078548
24.3234919407317
42.2101471831528
23.8591367032432
36.467914290145
40.2208705317364
31.8849445023487
34.2445167468087
34.2856883467821
27.4014523641099
30.6687161353621
26.5721237987718
25.5096545353235
37.2324753841619
31.1066365914671
33.0071355331442
37.655107120374
29.6774623353254
30.8807811264215
24.9525951517187
26.7110135877819
30.284259465719
31.2438268594944
33.4662184525814
35.4580322062542
26.665776317256
23.2786605944648
30.2957063413516
32.7843601634073
24.9803152141316
36.4008327036518
36.8580965216639
24.9431978794829
36.1360834578913
34.1286188723496
36.1087587767651
47.3535280470863
42.1547251381385
55.9856290139326
25.7079547678679
32.0301091078124
36.3415027250676
26.0987628085797
43.1719726492756
32.5895709558011
34.67429877156
34.4144347622061
25.0116819228822
34.6270733894829
31.7744497507886
33.3979363189465
29.6998067941531
37.9391270902785
35.1575749442828
35.4121261384748
34.8479789627022
41.1760428138744
40.8045289008826
52.9239799519823
28.3354699507223
33.8953266777471
31.0118704090597
38.790739764197
27.7028729231153
26.3117469705296
45.8414191303707
36.4162528483342
27.6107513339461
29.9179046295592
28.1994154611581
27.6259127687944
31.1238838922256
22.2082052117393
29.1847024833202
35.0334188598583
32.6001951436615
24.0797961202888
35.8835691139557
30.401557658801
42.4078940025774
42.6313874426
37.5482563110371
40.248411062973
39.8613301945685
38.5416686196352
39.0954931009374
43.747024710922
31.4752440995991
30.2117573775441
29.3431266355133
40.1900493813645
42.7634027716305
24.6577273140211
48.9776460944478
32.9382812295611
29.9472503773733
34.1441540170859
28.4938267742193
40.2141459817838
35.8197380019961
38.8138227720753
31.0489543934937
37.5322056899668
32.4028852179388
30.2626462975022
48.4422212743243
37.7903308178472
34.5291655765906
36.8349604643308
39.2854010872374
35.320798298753
31.4026277399178
30.2071430004122
25.6689566486559
33.4365902646933
37.5778206987467
48.9524040789663
37.4659390455753
35.3329506796193
35.0519202093103
31.1392208999266
23.0044518460322
35.1983828735085
29.2943237905229
29.6031910061407
29.0233480413051
36.5386772684397
47.7162968508045
37.0511063247417
43.3841183676446
34.8779096079758
31.0304832122153
38.0605052179134
33.0517312977485
24.9952868277477
31.4638922393941
35.0822059463477
46.7129223845882
33.031602974102
29.3891470714782
40.4181053046907
34.2958393331351
36.6862809732758
28.8750022493616
37.9918805760851
29.5714333647448
26.119707797209
40.0012533854276
38.1024640211967
36.764020710103
34.0122970631947
27.0696642017586
31.9659959471921
29.6305116539225
25.1986384950701
31.5558551054961
30.9817945379598
36.791440757724
34.8665859858051
38.8109998793865
30.8234384818912
23.3051039840157
32.2588155981717
35.6280558666819
44.3603062397222
33.6566516306893
27.9109826973504
32.8279993941946
29.5194720207852
33.9697374102733
33.0760405463952
28.6739984562408
31.3886262748186
25.8043457611421
27.6880450603195
34.5498386273806
34.1534117379925
37.1745893408527
42.4713128560848
40.2709813070979
37.061337676528
33.0373202312142
31.5486546736249
35.6521134152199
41.5853007636679
34.1301643955353
33.0127231515225
40.2496982778619
32.0309295806791
37.4615695626441
24.3448080651444
31.4592307816683
29.7293275982983
33.2036580412072
37.5295466472386
31.1311237435054
27.8773086414602
31.8951956779168
38.9773538105649
34.684890270262
86.7228785026406
27.3876012330941
32.5422401070481
26.4299441925896
32.4937208060623
31.4114181363381
30.902417218806
31.8556227299028
28.7550956372288
32.6022551308971
29.6636917238878
31.0362292350338
39.5943261959504
26.7081780652217
40.5845129051023
35.2541368745306
43.5601341065695
32.2843206388645
34.6589389294733
30.1520361627264
30.2906086394002
38.950227757708
32.6992287482764
28.8624974422835
35.6860474610592
36.035615432772
33.2643215733976
37.2673556096928
50.6198917856529
39.6494229096486
59.7610959521213
50.210489968679
34.5040747344452
35.8807022212788
65.4793900130497
32.2861879980156
35.1168962498149
29.4091514596333
36.8458482725791
33.3327305862241
34.505904245314
36.5138565329361
38.7760417322457
23.0752875797277
33.3972976423837
25.1389292594955
34.8146758872681
30.5067528155356
27.6117489472659
43.1864812869932
36.2152926078873
24.5688434733641
31.5297687289397
38.1583418452441
32.5301201255765
32.4539771667586
30.4017848956607
29.2259495466279
32.6344177423194
37.9343097858761
39.4280971669889
35.418191893238
35.8713429684995
37.8860045380606
31.2488568627957
55.437478759827
39.6003860864274
40.7105003616109
26.5266730831683
26.9427655287357
32.7169106655884
26.0782657939996
22.5010972023766
27.1918897741705
35.0720583318231
27.7534269851188
33.8738688968694
28.4133825357061
37.7665996776916
38.3030276744325
40.4326768632784
33.8809178361161
34.0195637958068
28.4634118402747
28.7431981191824
39.8959653735191
34.5739490669932
29.482571837832
29.9788088334535
36.2655547461447
29.8102637504677
15.4958711903879
28.5545368358295
27.1340445510918
29.1661779779602
31.5010843213042
30.2266850504212
47.0127943940561
31.0871777619147
27.6368964128841
19.3299303165071
28.0214794925613
18.4375856164053
37.802742978146
31.0539609929143
32.0924012004022
24.099113825727
29.9409437986727
16.8405734798776
29.1948766893816
42.9434413751292
20.6350030837129
27.8840780133098
38.2539840028415
44.686756951161
30.9291230525606
39.9643522459538
26.6039269115569
32.5474520030652
32.5074910158196
45.2192888843477
33.8435131905881
43.2114479709184
33.8662195966688
48.8528624634695
33.318454154322
36.8296120004042
38.9715855097383
31.2620061753478
30.3167778259973
19.5900630025653
39.5183150524809
49.1018285930862
28.9963698350771
34.3451959892874
26.6625758550917
33.8081200242697
31.1305930970772
35.2375294006544
36.1596992178006
30.1054793219553
38.4563090199138
23.782621797475
31.2575141940533
33.7867581324381
31.8936129266573
47.4201623189536
39.2881331221039
41.3694399384519
33.3198161791659
24.5414712308209
22.7136407875427
33.0824439695447
29.5840754217661
29.9817745505442
41.5944097231155
27.4012414730015
47.8586956766176
32.4528087090588
39.9595582807008
77.0725968938931
39.142323260102
30.8981039938788
24.7523400148567
39.0994274557101
36.9097453255221
27.7957268230533
38.9688275668335
29.353061570937
31.5007984573686
37.2695626201643
27.7326574035956
36.4707211814589
48.1864847478407
43.6672511152833
41.1030177708477
31.6431541645628
38.4996028860331
43.8745347224612
39.217257234613
39.9513644481846
40.7796564998224
34.5170290438203
42.8698935835289
33.0635362921254
25.7616534342505
17.2710215458672
36.6068852665368
36.3361152619624
42.0108104236822
39.0789576620766
33.8554376572132
46.5396243437448
38.174329385579
32.7648435279433
26.098757276126
34.2875570340068
28.088886632292
28.4923329821362
17.1130430164038
38.1137966575271
25.118972595683
28.0311328212357
43.4414581393973
50.5518556283127
37.1499825902438
45.6281189541512
28.4983151150702
32.9372194720335
49.4738233236848
38.6693863037362
48.1090057536454
32.0617777936413
39.9930843997552
31.7326303739191
37.0299433348533
27.6387920759436
34.45919706395
26.0239763804447
28.2339910927508
40.6052468528177
32.738828830341
37.5657925290472
42.5138700593982
39.7746426786364
34.3127568085751
50.2648767097797
74.3315215033677
43.0269359869089
42.3122169235442
36.9697313885998
34.5582739513662
33.492891639056
36.1522753838938
30.3237332532243
42.920092224748
39.1834273647976
27.6093468676467
30.7288217388756
39.9929202543314
28.0568530660526
34.5111534210914
37.2416028583734
39.0029721471851
29.7978243195539
25.7914414573225
29.9295854594318
40.1255315745609
34.3631965245391
35.9471419338017
26.8663790076464
32.9818086520151
36.2752632566308
43.5941893474848
35.1064429019952
40.7124837512567
40.0977386894178
34.6076566638813
35.2599011150672
45.228966500436
36.8316376912881
39.9034905177679
33.65537536895
32.4756619837253
32.1171959165633
33.1505059861585
32.1760156277873
44.8937521466121
28.0842814215422
31.1897793212342
29.7549666329213
38.001557293315
30.830313973056
13.2000276465127
34.9479227037017
37.0019682441911
35.1199589469376
40.665911236218
33.74865463854
31.8046178470051
35.3261769692203
31.6842594800938
36.7480735696597
41.0765340782097
37.4832587312587
32.1406606600256
38.3326518982025
29.3185838235679
30.9681910498386
25.6125442714637
38.2623884926469
31.1105324227278
26.7250829862794
34.3254517812981
39.147461044617
31.8721771311832
24.8150176005459
44.3233597844109
30.2443509411506
40.9198938110773
54.6487027459213
55.1194834134058
33.4198141268968
34.1835296589319
26.3888718294542
31.3717172940695
24.6340107054036
30.8231419744767
39.0885780926985
34.562790034175
39.1718756089581
34.3909690419065
24.53986746191
32.9104256711245
33.3465400530862
34.6224524317488
31.1926398327048
23.8896869196432
25.6184867112273
35.8845830250548
43.6715019702683
32.8158089390769
29.9682250913296
34.3611784348183
27.5714145119244
38.1674909628037
34.428167245071
35.7998666581425
44.4267165129079
38.8389410976367
27.5154861594929
33.339725505368
27.2807212687698
22.8888311751715
25.7463867508733
24.534745917943
15.0702408834268
30.6974850206301
35.8592191480539
37.8945218967594
29.8067643142411
30.0415181955972
25.2964140253375
32.8965390410735
23.7780343685731
36.2105782439479
32.5162932058411
33.3373880342793
43.9455523382976
38.9437347243696
39.6074216148428
29.3922567605939
27.0868999046233
31.1544495424729
23.5240391464273
33.0350116528813
37.0374134451274
31.8355315810552
32.1592131756059
92.7775806638779
30.5828299994338
34.3661785111413
38.5230007035308
29.1265166705131
32.9310975633186
37.6282062855643
39.709167294692
40.5710705054009
37.1347672435455
27.7802214548252
30.8304474558529
31.3369217064863
32.4597120447309
71.957405149071
28.754166499186
31.3945697096552
34.0384028395489
24.8515467753549
39.6490486210457
31.5107539412173
26.5684805840282
34.011211903434
30.0834996412155
44.2039092013219
33.4921489513191
41.2397736231921
44.9516069176772
32.0996028325319
34.9410208263104
20.8547989165213
34.8085998681591
36.4677102807398
30.7398036960392
31.9795109390598
27.6119008594682
35.0581901812416
34.2588682856774
38.7665007730619
41.3917563413909
39.5140064714516
31.8902892321156
35.0303652867693
40.1400350213514
42.8645908363556
33.3616199293002
22.3265003990606
29.9731613278418
38.8354482333859
34.1136765653055
34.4546394943587
32.377918824853
30.3872372386554
36.044657169533
30.0564916195015
28.5624980038317
36.9925858705485
38.0983213396682
24.2158847670856
32.3120668929999
28.9195602571934
61.1136586945224
30.8013748433867
42.7749079988507
38.6650226001641
38.0039575536991
37.5014109278348
32.19588312377
40.9741692122025
38.6140183330864
32.9386808130674
35.5265066999514
41.1650465215406
38.0454691227883
31.4883743024827
31.0343760074958
44.4009816257692
35.1059474064327
41.4630508630509
29.471866127934
38.0523458839336
39.2079803309639
32.2006183142159
32.0301655100909
36.2517135319619
37.5056895239873
39.8595773469696
43.9303127101928
40.0505867799932
34.2439010863827
38.5808388144225
31.9191002997211
32.850168478881
34.5150038917555
28.4213409860113
31.4245766761389
38.9176741148558
18.0114949906142
26.8405184503904
32.0151036458839
29.6899025770834
27.9552655593302
30.7455719122466
37.9734181581312
34.1586781240611
42.6144741527422
35.485326257679
28.0086820286773
37.5778051222258
32.4163541635163
35.0743545843018
42.5712529483189
33.0361866938297
22.5440238021027
31.6037209171067
29.8468213742739
34.5926600712973
41.0891883850458
36.4242692459244
35.5897297643596
40.942448777277
37.8207765798573
35.3515142457088
29.0991867968881
24.4567955271722
41.1048312692468
34.9076844960285
32.5629170695091
24.6571021575084
28.5427348037274
30.9055425050654
34.1256087266961
49.619285336364
37.0705743095724
34.3750415909278
33.9489457503999
58.4271019663249
37.9900341605828
70.9119800090393
25.3686902916978
29.6534957035756
53.733108706229
25.355304984229
39.5486971025885
79.4833792713599
33.8155049776563
60.0664434091007
28.5724121135257
66.5385402964699
22.681283272219
47.8295049911523
38.4595222935369
80.5582934449268
52.2580390139297
30.3019590276544
32.0315995458724
99.2313899668712
39.5575791184213
32.0764441147296
39.9437573109033
36.3882725757236
85.4726565371299
61.5025045963866
31.7388399877768
33.6897250343506
49.2378642889408
45.8645282063996
35.4947708404705
36.663002600174
39.1976937382177
12.0049639255831
80.487347659082
95.4089754994386
63.1431939058269
39.3676396443876
37.6086242923463
87.9820533547597
53.2183254960538
58.3635613866378
27.0444249967939
44.0574800096404
33.3492581094452
43.0349415978286
41.4609924729811
41.1414149186499
40.5994957394934
43.9504675596294
43.4094619006582
49.9820193787252
30.4835441630419
42.8640415832654
35.3897941242184
28.3390378582761
38.9733630276092
90.9995199782673
39.5909423388782
40.3298876680469
66.7173695841793
30.8519507118546
37.6946230537942
36.2457241064298
37.0814047092609
38.366826554938
40.5065651598703
47.5727105819015
39.4141098561289
41.8681163754036
62.0464254523883
55.0776046626877
38.472914411743
23.3778511131759
35.4041234512961
34.9183373925895
34.2740124265588
28.6341139091066
28.4305190614218
33.0697547047424
39.3691800293612
42.5516591013744
40.3022912012361
30.7942166251509
31.9972434423413
40.4979504845101
39.751129283303
31.1019549007204
33.2380345210308
39.0851200535853
30.0593345749951
33.8797871022243
46.0614577071634
45.5357823944658
34.5497967174929
39.8073739154458
36.961774500494
29.5956064800927
31.772355109885
36.8494927179022
32.28916804068
34.3657977143007
37.7151936403944
30.9676491894054
38.7563163302309
35.0399256228691
29.5730111384824
32.2864949309021
36.218014576821
46.9123705817433
19.423508008402
34.9756573946229
41.1017590973657
37.8740209041607
34.8560484318984
36.7011388236822
39.1753284492982
36.2911210902204
35.6167360002247
25.5555120981001
43.1201454134237
31.3960062259005
27.6311251891654
40.7249901491054
41.394820848411
24.785868879553
29.7457741280458
30.7898898926756
33.89395060108
30.3572872339919
36.6176581426851
24.8282492956746
31.4410198973504
35.5272696672146
28.4123766231242
30.7250066186721
37.7156511879552
30.5666953134274
34.7307145939137
35.0383077722888
34.2224371723441
40.7515894070524
39.6787724786052
50.5792122973552
52.8636679470934
31.8260092943291
35.2771023426018
70.1776797876365
31.6918996125344
28.7227053055087
35.3602854007403
40.6841127418085
31.984455051316
28.3099916433058
25.3903528563665
29.6158309493455
29.090731035888
33.1735299792851
29.4143543422919
36.1842887248208
31.3247131107605
37.0271442866067
40.5830606178312
31.2186488928602
28.9003624506966
28.0634748890952
33.3510054382118
44.3173116619692
33.4458705414321
32.6700898154015
35.884519198967
41.3474937290984
35.464832368353
43.6567631009613
32.2682608398055
39.6594387786243
77.9626083902812
41.0464498771955
31.7983278133835
33.6507218143002
30.4345353020724
26.5892801375762
38.5871112518714
32.8395154584598
34.0165093812788
27.7442168323407
32.9486090172596
36.8599642910268
34.646101624636
31.7641203861107
34.9745959540866
26.1703889037035
36.4186992903521
40.1331689016527
40.3314075943594
32.8119779659713
35.5023508098533
35.9972172717694
38.922909991353
41.8725972698267
28.9738987453107
34.9405093914582
34.7826026845262
34.594914156232
38.5853268017406
37.5597534533081
26.3986582536663
26.4277554159126
38.1598146129877
35.7789801349504
37.2085994194637
28.6870265649994
35.6387648351027
31.7178843868236
40.1800251416471
36.6118374680545
24.9151942354088
28.2836179177828
28.0283380579767
33.6864653029234
38.0599747560871
40.8798009576557
26.2357543988314
30.0927618928149
28.8045615133233
43.696010024247
30.2799555063294
31.4579810885423
48.0341502408608
39.938587793539
37.1660146681266
42.7711629050206
30.5739250393935
39.2098185655331
55.6613378339745
44.3266763133449
40.6672981606461
41.7023626978369
33.5839928750503
45.7165544816295
38.1500008154379
36.4493408862017
37.9359034324306
32.4197823413059
40.9489371940687
29.8097176308636
39.4057032952063
25.3334959721113
24.1414320643798
24.0933653515156
22.7267008002698
39.692118169476
38.9278643509216
37.3856590823282
40.6435202230045
25.6599195438593
30.1845580370912
40.5530104961649
39.5839415546701
36.2523420034611
25.2599050927815
35.6476088115748
73.1639146860009
21.9345056057118
49.9908794003694
39.1686222685471
44.0780335805806
34.9491724237606
25.1880014267435
30.3148302456506
34.4424492675254
40.9797885002857
24.0915856822457
34.1855719210121
30.2001800127372
36.5013545693345
27.9543194735453
52.0120363959119
35.8806191286122
40.4089784023381
39.060912839447
36.7959409372331
30.3197899934568
34.9145001105159
29.3302805745751
38.3121711291086
38.3664594089011
38.2163684637952
40.4366553943928
42.1434424214196
44.4606964459356
37.9966311291929
27.0631054282506
36.0256972271593
47.578758901686
54.6983723366281
43.0228210958641
32.0888302894339
41.6630420351811
40.3025199568205
27.9612638332773
51.9435837168691
33.1735763942767
27.9990540585607
36.2622201718347
46.5918301069968
31.4672884813901
30.6947925749455
40.9623540435468
33.5808903635944
37.8332828819769
43.2895539317597
31.9107089134856
37.9214485255464
40.0640938489583
33.4608137111621
40.9000976671886
40.7738255776158
28.0190896586053
27.0777347231578
34.6179337819716
30.3603847311665
47.067793199269
29.366167382597
51.0068697540518
39.1155417537288
29.6061748058638
41.728308344962
42.6740023479451
39.3428292515401
38.4101291934138
41.1375114687779
31.4816338689223
45.1815445354864
48.8032582811649
25.3182640462865
32.7535976954871
31.7431778908084
42.7378284581958
34.8761218544787
36.4737173005449
33.6694371946009
30.1126674449001
26.9728520768485
36.3196419826031
30.2763596076558
46.9450476403432
35.9936439763511
33.9525841591769
34.8136281410959
35.2278001582557
43.96591255634
40.0546674609996
30.3381904082901
37.4549606468274
34.7117768517883
28.0805761257893
31.1368964766714
28.9202472002794
41.1563414934636
44.9371205058912
34.984229078104
36.1254895353185
35.4946135615485
34.082494529448
26.9457322338027
23.3555025513075
31.6699044585795
32.1191237837807
27.2004729182937
36.4095897664858
32.9905724752833
35.2613616679511
38.5660178517215
33.8026376258692
33.8662367468223
34.7362542130259
35.6630804059284
48.8368898234674
34.9951713478646
44.7787637206475
37.1148602127738
40.8609414858861
38.6317065054897
31.4974641947309
47.0690266046353
38.1936014039657
47.6337234076885
35.3696335217634
33.7452913115687
29.3890265947549
31.91040754014
34.4033250178664
93.9158141050236
35.5971091543778
40.2246103977238
29.9935525908669
38.9315310629292
31.9525842844869
38.5485273548721
41.1139495321646
34.3702876460764
37.2372482291577
40.5405114130436
45.1267914620854
32.143013892861
32.860406846419
45.3485717268221
37.0027802024375
33.9827398578465
37.9964446988937
34.3246920586929
30.6432376969111
31.5891720037418
35.6408631775661
39.0826753701959
37.4841389527518
51.3701902993068
27.842685833669
36.8303705747125
27.7471544893827
38.0771287298748
37.8357713494958
31.5790500714689
38.0890946477244
44.8824693157657
40.0799909280625
34.6688515360157
36.7405333438329
42.16689931525
40.0974372444927
35.8300556753599
49.320535540288
27.5845449373585
26.5982534904874
15.3478433404262
29.9989253650133
31.834476966232
69.9345960874153
36.7997752897532
27.7649051180054
36.966826367857
44.0854248626891
48.6065424173247
40.286756034067
36.1323063632565
59.9259070522901
34.8409580164555
39.5027523911594
32.1512148939401
40.5283135937407
38.9181437031472
33.2914091854897
35.9161081996461
38.5588659472247
39.9292621694502
34.4588624443109
42.4170199943376
51.392321157815
37.9987905927294
28.0033462606343
33.6450728034603
28.5683552362138
31.9310803566341
31.4862609872903
39.0746459866388
34.2075364431848
33.5164063051481
37.9841252996335
39.2482282462503
34.16078253196
39.5623238458389
52.9598974873797
19.9276061238944
41.7231299888763
39.9582748229026
35.5366649902016
41.4337186567289
30.7270363972087
32.5018789459205
35.6758174443144
43.1143398644454
33.2483314549516
29.4494963121715
34.3907902486793
31.0583690009183
31.8131698326657
25.7176174641756
40.5130028860916
43.8856425354274
44.6053463473276
32.6638798105502
37.9466954009922
35.689255286539
28.7610746401687
36.1239143172063
42.8371725840061
36.5356046130466
50.6274393187976
43.1559282934523
39.6657706746664
39.6629306630304
44.8643244809923
30.7014186260478
49.7534831678794
38.0990481757173
53.0127511207719
50.0378475591915
31.7837654873808
30.8926707624523
39.4605292272003
37.4763547513551
55.1910101830044
19.0996747832154
34.3666691988121
41.5056715826843
33.57429347021
35.4179607950369
43.7309099714858
38.4058530996111
36.3081846729484
34.2775614216773
28.0079023925147
40.1289846108431
35.5040908413464
31.260244509526
35.7776368579104
41.4067600627188
37.9936745192748
42.3728772975745
35.6654703457345
38.2442783710758
39.5529235285903
42.5633678178364
24.6196771586372
33.3710360083663
49.7233943370343
34.7344032499609
42.5168331021401
58.8443822193578
35.3401189125521
42.05173541622
27.613148652874
72.3863633656408
69.9394604415268
46.8617771088174
40.7033492351964
37.2374420542527
45.011956166011
31.1791518725305
32.5700012458979
28.6199019492838
46.4554883327769
33.8588678321211
36.6925781522868
22.9778368950554
30.9508658703
34.0337544693755
34.7542845947881
38.3211091172989
31.6708279248036
36.136314615576
27.7192383151117
32.4700782459238
51.3171212646455
39.8414717156596
31.1128336791134
27.9162569010978
32.5126257316431
25.7069067209718
33.9963016424733
42.4108672547465
36.4194082794396
43.5840977619843
38.5532890445653
40.2897416765401
33.8474318805149
29.7863272572642
34.0256837296557
30.9916159523543
38.9080072558279
32.8636517013514
37.1339625958123
17.5918004097704
31.6015304473709
14.7360328780854
34.1060417305919
36.5501023445572
45.5244242538149
33.8266688312137
40.7304480128157
34.017339331843
31.1207256592429
43.1074581442173
38.973640742414
37.3615674136596
26.2831374930556
38.539199606044
30.5758392130164
34.473291192237
29.2892026314632
40.3011374647705
36.9837838955639
50.5121393665972
36.8401661348747
50.1379092664154
38.2599178901056
26.3428797322307
27.1016023800437
29.1731100471708
25.1184213320384
37.0008420104842
42.6647394612572
40.5216138134383
32.8629305859721
39.0488241384994
41.3479381918266
39.1391848736542
41.9430478141955
28.4606686443473
31.3602145524438
16.9109829672315
38.6944045518097
33.8903614898693
34.1704682086756
42.3355475890513
33.644977378487
44.9519284777294
33.338871158854
35.9398998867647
49.5269575776836
37.3535560107609
38.1050900737805
32.8767309195547
28.0948434792019
34.8695717612609
30.6734053223836
33.9114759910287
33.4355511180385
45.365829814696
26.9719439171052
31.9949896949155
23.0335935673171
44.1853840434549
44.1050353158471
57.1731213973072
40.5032357588417
36.6552283276596
32.4823871451787
32.5320665134173
29.718132634437
28.3868093005087
38.5945467911386
32.6576283868355
32.3768143439768
36.0227297602248
33.5860968453882
30.6060954288783
28.2792707091261
40.1768728957594
28.0684917793071
36.1069305075486
27.835334486663
35.863267221681
37.1147732967719
36.5634145562337
43.638763776825
32.8643547146462
31.9611744975708
38.3757677864942
33.2652203501977
38.748220048535
33.9572142697394
38.451395385432
26.2705818203529
33.2281894131289
25.4200525973706
30.0378180826901
34.8891809340213
31.5085859285564
27.2965463427187
32.2469058791814
48.3734533674135
36.0368340232706
53.0299481824444
36.1776825383468
38.1944116123063
30.4291305423208
33.6391101249604
33.2339611521933
29.3909160049298
29.449226476536
28.0775397841133
40.8654665025898
34.4882663707142
28.5924514221212
39.597242162273
28.790901683506
31.4666562863541
31.5073387450173
26.6056105200743
29.2253336781288
33.2244737291301
31.6251034343707
36.8264705632425
32.1199309985555
32.3334154030596
29.7518562152787
39.4803740797122
46.1120522733664
33.8789591892493
41.1117795358059
30.2646462180337
28.0126108483528
22.821679652763
34.1228597999551
30.516295457024
36.2180569482043
33.9619283139888
41.0357611293631
28.4565158292635
25.671823840886
36.6030348595305
35.422643316586
23.1516327353003
42.3878592594771
27.7444196220855
26.2163133875477
36.5042552030019
36.0127411982468
37.9093448216486
28.1060323246917
35.7726849611689
33.1493088270961
39.9555913959717
28.4388160061015
69.9836144662121
27.5311712473361
41.0284251105091
27.4692682079175
34.4829244321623
30.8182943609475
34.2245075749341
33.3808278753195
24.9316846996335
34.3713181583009
40.7466217378615
37.5221613203982
33.1917656172024
32.3822047820012
38.6436548883439
41.1677982050779
43.530739021338
20.2852211470885
40.3327993619612
45.2773173871404
48.1497713275155
52.9813035081087
36.7574577047189
70.3709644478016
69.6844064424327
27.7276284062876
34.7161794721732
39.3704880621987
39.1356034144682
45.2086290412737
28.363538044589
24.4111363720964
35.6451720275707
34.805050392639
46.3476920348998
51.6869941735462
33.7853556626401
40.8294629166869
35.4505938465329
38.3894979358852
31.8476109372353
25.3932394753023
39.6582966543903
32.2916950980993
27.695714828478
27.1028506733879
39.5612952190376
35.0996860353504
50.1861553256338
30.9086941363803
29.4203141056983
46.2060747794272
34.434855029584
46.8021875104326
36.9843830857576
37.4178726717663
43.6077727613
20.5046570010581
28.2267795034264
33.4894641066221
46.8255545495887
47.7734825048398
35.5481401726495
40.1829697759944
40.7874999388685
24.5952227181479
35.2427470086721
35.8546529918822
28.4411145934488
38.8958644393965
41.4551858815064
41.6739095035158
33.5374370131257
42.3198625226773
37.7386757029131
33.9745964062287
36.0523659794831
32.2697451007601
49.405232764667
30.8170895568693
39.890972509037
44.5130043798567
42.7524184080712
38.5029852614733
32.622793939777
34.7380006338003
32.9101681567977
36.5737415674962
31.1639097472996
52.6539993082506
36.8018951568681
39.3818853633528
37.6979334174872
35.8975212253902
33.9690381587259
41.3990909358357
33.5707767038647
35.6784712282975
25.7652360540518
23.8247092910899
36.3563714205106
28.5576246250721
33.9971373947123
38.8449657062353
31.2998109357639
41.3627053129456
27.6050113356939
32.2408603695836
24.1453302291132
36.5352127458029
32.5130688202648
39.749112792203
43.1480682147379
36.3154774247287
30.2798839120296
33.9161721322675
31.4869203480566
52.3121384027855
36.6269701837698
37.080083920356
28.3991158029
31.2167796597557
30.4210108816074
43.091366427105
71.0812744249868
35.1838167502089
40.8808153131649
29.6307302770265
27.7626005507142
33.1617302596411
37.768428384346
26.195107776207
29.113424311527
33.8000165908841
25.7460249970883
43.1670750642945
39.7557307742861
33.8402287072803
35.2429439069745
47.5724816823907
34.0493783281216
25.2414554334476
38.7806534998518
33.0794424932244
31.7005094586925
26.6834654720664
29.1782052539324
26.0099592528376
38.5695481184557
50.8503022873422
35.8928754384337
34.0980792389013
37.3346151447741
27.4396909098501
38.6645216267895
26.2231392989405
35.450206898645
29.1368980714625
39.5778942799012
41.528583741114
32.1590806978139
33.0248113283911
35.0552006448152
31.1980862307806
35.7575947368785
39.738083314729
49.8293983410386
36.2535497581028
40.5396952566894
27.7620341481695
27.27311530157
25.473646710593
42.8683329704394
29.6288779678539
44.8850494749728
29.7133191144436
37.287668396302
29.5779557920985
30.7544132275045
33.7250267066761
25.4293782753641
37.7754795894004
29.2651807159908
35.3755861283003
32.9068962773022
44.3210455330755
27.0466554788144
43.4417117114757
39.5529259912963
42.6421150112131
41.0314367070301
29.4247926780426
35.9277311338123
35.4775773169985
28.7835635562746
22.4316997700044
33.695404027025
18.6586428249273
36.1304685895281
35.3800152268558
46.0960094884389
36.5513862348088
34.133763768205
37.2170355617132
38.4697503576139
35.5484073966481
42.1956441751567
33.1605875152507
23.3377989540951
34.1460282282484
34.3081657956576
31.9026531137597
36.6334388098393
35.3170561598457
29.0556769829038
44.9115832517589
40.4537655856111
39.8899251511046
35.7103288227695
30.5823902318878
34.529190114011
26.7646689269758
32.8266114781356
41.4228603931025
28.0502004446635
33.7989767512759
43.7180612414199
28.242573053759
39.1100474319881
40.3519072738182
37.4982227969071
36.9246288919388
36.768247393409
23.082396851608
36.6843510988439
58.0581040394632
43.8008476172629
30.3885384484733
43.9102279871042
42.7551776430941
24.8304839320757
30.7744774817613
44.7933393018882
21.1304123337568
25.2290450361887
37.263761825386
38.8661984274492
37.4378152981912
46.4736778009945
43.6758907271085
36.1065468507097
38.4987456268041
44.4857118559795
39.2763497160557
45.8951741765029
33.3401927833208
25.2770066471355
32.5342311172562
25.9115300670787
18.132784285714
44.7241092144074
42.7890439617913
33.0456642410488
29.0232447121046
36.8524161976497
43.5954495462501
25.7007146352744
46.498975498719
36.6254668193538
34.218936002453
38.7691285641445
31.8236239217343
27.6399630025288
24.8140216065752
41.0862609509929
34.4191376545972
27.468476620673
31.7771328800724
35.0699039789676
23.0489023432418
33.2205901406085
38.5196816899081
32.9700893555984
39.7770878647147
27.3053700679762
32.9174207028677
42.2037901623544
27.2573985517859
26.6719584171669
28.5601724428176
29.2746011539519
62.9235864275663
36.8487607343135
39.7212953249792
30.5540952237435
33.694731806867
44.2328179448044
32.2738849275968
34.677100536792
38.5186961340828
40.0745405381641
34.6745332214676
40.9400614652632
26.5811984337972
30.6039574546651
34.1925063525591
38.6372418464788
44.245589987615
68.2203853836945
30.0942987813674
34.86920075945
53.6529497203855
61.7135162947386
24.5171453580061
14.9378681941798
10.6215746774748
19.3112549945948
44.8686825186764
44.7501428815998
23.9527257300176
84.2339383510191
60.2823758561675
89.0309394727033
