73.7881883224602
97.6571965133581
46.9705925870702
43.089079140953
36.4013347878917
42.6267315950462
83.4399110859084
43.1707774778115
36.0922312382186
45.293737602761
44.9404152312701
35.5642187678362
44.1209753898083
48.6726799812295
86.574242481577
37.7333784667071
42.3738685527371
93.1531938039475
69.4475949263424
54.8623233258719
35.7994129094561
48.7209651408114
87.5823378401056
40.46305691832
48.7144071576957
38.244779886338
52.4887013959319
36.3703736837486
40.9733150025337
38.402842725234
57.7535339014298
47.7000456883576
38.5111821996497
65.4531598360621
40.2925550268105
46.3758506887376
51.6342116561539
40.3377278267224
79.6262783174006
45.8748919045462
30.9790044749891
41.649142235384
39.1501255383386
45.2005558852482
44.3953064253787
41.5125831996343
39.2787581936672
47.7353764487555
54.4786795021627
34.4447521100074
34.8618380348238
41.683256457292
36.8305250961229
37.1423629695606
50.1740747445707
44.1250640720949
32.9184260577823
56.1930765807264
41.1258194704961
54.6963549563606
32.8778144179799
33.2989259144786
47.7786155616963
54.9278403339818
32.6054212294777
48.7119189588886
46.4637584599255
33.7539719881755
37.722575191287
47.1929856099356
26.7966747353524
40.4576389242404
40.7056922134511
52.6365597816035
32.5949284868288
55.1160664281019
37.653192506004
21.4432584717216
45.7496404462067
43.1858740701517
41.4709298981426
65.2308099521795
47.0755422425087
38.8782029241259
44.8104964730497
58.9367340181042
27.8974409976451
34.6063831983661
30.5895336109265
68.3062223382568
38.2832000505669
44.5665584200113
47.1561059716315
35.2339603381716
36.2173730863037
36.9526652513998
40.9505510523263
37.1492456624587
58.3289111211065
39.4786658279051
46.2662210403331
40.9823278357959
37.9437985569659
36.3276555240331
50.230318323531
41.5624104886479
44.0262484795202
41.6164412138527
39.9303229702656
39.7897564013871
64.3872757188251
48.8099095847445
52.3313848256605
47.7728620673855
42.8516138562714
52.0792672944287
41.6639658721784
43.5986493636574
60.5037661490601
44.4051506106198
46.2464639971193
54.5239436778136
37.3290805925709
62.7361074926681
51.8480544517307
49.0672626965787
45.0217312159867
44.4923767417267
46.6699962429542
50.6325127143692
53.9412161069788
65.3066936136233
48.5159601150878
45.0795629485576
58.0154900482257
43.9431726121423
38.8500555347497
43.9833005591803
39.9322530741811
51.1558648523258
46.422541305133
41.9898066610651
39.1543899247826
47.5546774990438
43.5043351713159
66.8872022345228
44.299446344812
51.0122923120303
44.191044856254
38.7387721113348
33.5457718080095
45.3693988415041
44.5293451315504
45.3695068489204
40.8219595591087
31.9378737162295
46.7540090100584
70.4222363575936
31.9709408860228
36.460279806351
63.4327226912575
50.0745276875424
66.6781615382134
46.2432611600307
63.5546863838379
41.4611595819571
49.4420104927083
40.2077396440865
49.857162503766
49.5046904531707
38.9507047801212
38.9938578482342
36.275310065725
38.8877836343174
46.2978745141978
32.4907051245048
33.8950213898389
44.7429032371702
55.1690890130428
33.9751439334367
42.0379181821332
37.4864399470068
61.3055410090777
46.4835828941334
44.5083009859882
38.9325694212572
32.7533648259569
53.2718997633205
44.045410743095
62.554354066592
40.146150100296
63.776230952863
29.7877878167656
43.888640362664
51.6312422082947
47.3006011116013
42.8576519841359
35.0501109190724
42.4761262171721
40.0751635915052
42.175757158928
35.5459813622808
46.1501564230442
35.1141778936966
42.9076636700729
51.5289611555765
40.4860737677667
60.2915655128632
47.1063804945431
62.7758145816224
47.1032036692093
51.6407452154368
43.9592936601936
51.3281938990326
39.5694488599317
34.1389104341743
64.1366725882284
42.1256131825283
49.7273751947024
40.903998839265
44.2972461994024
39.147494214167
30.1634897186401
44.27290128928
39.99968015459
39.1032303913414
47.8254970120636
43.020353954861
36.1270221659329
41.1726884475158
45.8417593290742
49.3589777965794
51.8894473286902
42.0184142767795
44.8638085521882
46.9034463847552
37.5342374214057
36.829859981929
59.0494198777131
46.22228704935
40.026403537139
45.4574789179246
42.4890592708734
70.939430985955
31.6529047525675
40.1024168589431
58.6944983968389
53.9306658809073
61.8780939011912
75.2638366188004
63.7902030666764
47.8470176594162
50.9308763720085
52.221975814676
45.3721418888027
46.6183458258696
40.5764098549425
52.6644040357264
43.0891655695034
43.1115678048518
30.5967558134032
36.0590562616438
59.2759321213874
33.4327674816425
44.3691635860355
39.575752108348
55.0038394413172
49.7138061059411
38.6032997232184
36.4061773337949
46.0606252489397
41.3822073029139
32.544087537154
41.4859008278609
39.614098920004
63.6453294344546
39.8083192672932
38.6585695974485
38.3487576296699
50.7182653000975
48.633080319776
40.7940287472104
35.8451427718001
47.9997410101377
39.0661722985319
44.5898211642781
57.4027153563721
44.9991363453875
36.6207399071468
42.8934887223543
52.5710897473139
36.1078351863551
43.2059010295751
57.6001312040498
56.1645911260022
37.9089068241764
36.5881505680347
49.8024032953336
42.0000668295222
32.5954182357003
45.7996563045793
48.2807510075463
35.0398171418168
31.2950029647726
47.5959710871684
30.3363178951298
47.3164273541899
56.8341730529294
31.8881241884043
37.9729858903033
34.5939890673357
47.411966036083
31.3485238494838
39.9083932916939
44.6958180818711
38.9821015910341
55.2298651621487
40.4710089555159
52.8094084216421
44.1982503547364
43.1212420381252
32.3759496788678
38.6341045685542
31.3434847844691
46.7211869357625
41.2769824934
38.2020779608366
48.3412680093044
52.151204392475
38.6933451151438
47.5400850176047
46.2964781536962
39.8458754991459
44.0052372077955
29.496924987
26.7479122626723
32.0779630765071
34.7867070420979
43.5341305624966
33.8754661315421
52.3697332456505
39.129702960825
46.074059433796
42.168264602215
49.9270833878499
29.0182832911293
42.1960076897798
51.1257886964943
52.0964274135827
45.4470436988671
42.2251819964773
38.3375987924792
37.3041092187918
49.83062390818
43.7437057514519
40.0238432221312
60.185915969216
32.9106045219687
42.8484145132598
49.7665457660818
46.940717987915
55.1545081539013
49.9135108129468
47.4524153905446
40.3279218767818
31.2228283659859
38.6898083870842
33.1394001116543
42.1671923178859
43.5065951258015
36.8869901038318
47.2625574188325
53.5397839305585
44.6810974070922
43.8361944713553
44.8714316330306
34.9040104047274
39.0949413267298
44.947065000912
40.8576757034018
40.8273761283435
53.9611939605864
34.6953086662533
37.9311929203526
29.4702621284069
46.0681421019826
43.5645057062372
44.3308875983223
36.2831056921665
48.5195472386944
39.9892552324024
38.8321543870032
60.1406577779327
49.2886150852822
43.7540626117783
56.8005107800663
48.4310774125049
42.4415003917251
40.5748204605582
41.0324289047999
26.6779494274843
42.6313169733593
35.1201591818543
83.3978493903793
49.3374500721673
31.1882505685433
56.3730569434858
50.8063435111501
35.0938370248008
40.8610435476341
42.5448880086334
46.1842291988182
57.0936222181783
47.8097796408952
32.2390363838001
40.8541998108748
50.0557898950156
41.9643896818917
32.3671685712841
52.9804364379401
56.8089901885255
57.0023490621153
43.8620457652904
33.6377520702025
28.183972327667
36.2404755771015
45.9479422629185
38.9044169456541
45.4908471829647
44.9699448074906
39.6385331801272
38.6444133502371
43.0132854632517
43.4910680366065
33.5189044975437
32.3056546867846
28.8252644909282
41.4689758151583
26.1293693318503
58.8216270693913
44.7169946300255
38.2347639549463
57.3865292769614
35.4032388775402
35.5389035757706
50.8454989609888
37.5050238961086
33.0339758558793
43.0938219840685
44.8517997426542
34.0207394876295
50.5167413466911
40.9353049019281
66.757672339074
46.152450985816
45.2154603195867
42.1764479063769
28.2264625808935
42.0890013086007
42.5926844575115
42.1651334400345
50.7858280306251
51.7627799268272
30.4454267835668
39.4323196065234
28.0761419624417
35.8396662044926
49.8121699404638
41.349946857596
40.5049829909159
38.8487682200241
53.7877280638527
41.8413654154235
43.6843612638338
54.1066239900098
51.0262808669686
38.7836958774194
52.6178829136865
33.2513313868198
48.0802898307609
30.0288669924254
39.8144649310113
44.4110384653578
42.6419319188259
39.3797992212007
46.5112683779535
33.1761716086578
44.0845472476663
50.7064338274466
39.1886819010484
34.8944243111437
43.6783762970101
34.4164442895252
33.9216675550064
33.6779451590855
33.2393493475563
38.4785583270964
38.7592464418955
32.9214488657406
45.6539468223085
44.9543952899424
40.8258156911566
36.8376705992866
35.529015515434
55.894604563397
33.5878491477466
55.3531401579784
37.9838731038999
51.0888896536904
44.643016215412
33.17753939637
42.5765337257217
43.4670426905949
48.8660564997068
66.0463091800373
34.8623616874289
51.0030782489679
32.742877697216
44.4052906069327
35.752819397974
39.6983785549241
42.5305174457288
47.2392254538142
34.9808667612244
51.541466753056
44.5312245841816
34.5912999023638
46.9840483951741
46.4567298380939
46.6900741426702
42.6469346175171
38.4034618696075
63.9254708603988
45.1076135778597
51.0068268949351
47.1707690062208
38.3575001485625
36.7673401554471
46.8260323115451
54.0346537230036
44.6745765502063
54.906803590321
63.448176385807
30.9810113682966
65.9298118122185
43.1019676739098
41.547124968004
29.6366954093821
53.0120816415232
61.609686021751
43.7708636417231
39.341403674409
49.0439402433948
33.0503077779471
48.2149188680306
43.6127153508735
42.6589815175332
33.5320818986916
45.4198948354861
34.7478434081899
58.1139493680999
80.2337978689492
49.7470369395938
37.9540049420744
41.1776300587668
57.6805405553035
59.986885431614
44.7522899381931
61.274478268594
43.9342877608332
36.7187874007447
44.6366505910305
49.9351664530864
37.5111797809878
45.9656475413643
39.3430737545104
61.6585486510123
46.20413339467
40.1157637912749
40.4277031798241
57.8775505524492
43.2605036468091
57.6230232729138
43.5639014592884
58.2520078736711
45.5428928784812
33.1010221536089
43.3022032312704
35.5215379274243
52.0674662304076
95.7641345965295
39.497831020077
50.0988787019443
44.6118906759918
42.4443993911567
41.7327638479463
40.9213834286504
43.2989243639516
48.4288125048205
42.9381777198547
43.4541402975858
28.1167751624386
49.8123868512205
29.4444898407916
35.8136936130859
58.4404427253753
74.0283594835417
44.4536900309303
79.2656219392714
38.1284849615293
54.3539337922389
40.4375235339731
49.6585543226694
35.4820209035035
41.6276890198904
57.485133362783
66.0321231467263
47.8869535508867
52.3452341801963
58.5995850858057
35.8923004067322
54.4257458587948
38.7388813789914
47.6118771742354
50.738521355459
38.2824495690508
40.837703016861
52.2330359198219
42.5912122022819
44.0970032134191
82.6436865237962
43.9534789148327
69.6035442821386
56.5419131405454
41.6973329193648
52.0970692398542
41.447868035886
40.2994290106321
52.5367025139262
49.9576856293688
31.962393031137
38.3804923877002
23.3153246258947
29.6897174197182
38.5342119357819
33.6537880137071
43.8269857363606
25.8177691598675
46.9618942111953
68.3955132097506
52.7011869931862
43.9014845800296
65.0798101590065
43.539704195293
45.0524484022158
34.5577838680225
52.1356269684526
41.0923017059343
54.6697370671917
43.4915728565185
39.0485968447295
74.953084846674
59.3905668340135
31.9003683421895
40.7062130118727
58.3665708611726
42.4604971012108
47.9025233640772
45.8729018357747
31.6122672628054
56.5663301381489
42.6442241254344
49.3185966119374
55.8911019981268
46.1463736315152
35.0957971260301
52.8237431813153
36.873694708102
35.2507057418997
45.5868752947962
37.9275810728927
30.6414913818696
40.3552039697341
51.0997042135255
41.3739038518084
56.8497243373314
54.0034314933377
44.6745676908108
39.9365884648306
49.0840553067327
59.8800390474167
48.862327172821
56.1488557781206
41.3295190542309
73.0744651603451
99.2741349497396
44.5612455029096
59.3983860759604
55.7671832908112
44.3187132162244
52.388562044844
42.9232511421435
39.2787011678752
42.3130040433385
53.3976142077306
42.0901015114333
43.0048109655611
36.9680334037772
30.399855962789
43.7004769388609
36.3322674472152
53.3740026718391
49.5792166792354
46.3714089247913
33.5957696510895
32.5317205770502
59.1509895067599
40.4930091221286
49.4201031489989
41.6692978564525
38.1259314982857
69.5007805879022
46.3451924053633
42.563261690784
38.9405104358619
37.2373513901557
56.7954703731389
43.8325043033611
57.6236144338186
62.9548863707278
44.4442587166817
31.7936767765962
42.4259469178457
46.3376501208454
30.618122171945
51.2385961144923
42.2907029317206
46.8578331837526
45.3495449347148
51.975504813939
44.4463669110381
53.2957028281518
58.2039002330012
53.5901092021968
55.2346744723411
46.5339105475122
41.9915682732402
44.7861307016326
46.133227693174
59.8247147616661
41.5089768722288
43.7857141677087
47.309737070734
35.1948096508869
63.3292574289638
35.5126935162892
44.2066900370718
42.5411892390805
37.6997034527517
59.7906915439305
59.0051262432635
45.8239286583187
48.0289547266181
39.6378396028001
44.3334908972814
42.7990889862698
47.2481648743314
41.1573048725115
44.5562620985753
39.2089953971754
56.9042448806138
24.9045027745291
43.0351645807896
36.4893088954453
28.3176035426054
39.3619126120095
38.7188173978151
35.3294638435368
47.8954951513081
36.931325111563
37.0057700668482
25.1857635939244
43.0588319768869
49.7777790911212
39.9418265986135
61.5865393246616
44.0572199586833
39.1206475654983
41.0115254461379
53.5503691010598
41.5822464219361
48.2833940606841
42.4112372922485
44.2300005242635
42.2125710160596
34.3503846616404
35.4858919164822
54.9269146231128
53.4310038498083
70.2142558790272
45.5748279132341
64.6592181876779
24.7193721267567
44.8544498959374
28.0050780094838
43.6530552606115
40.0294925683722
39.1525308696245
45.2019366169088
29.9026556183392
34.8316243629929
35.3122580769668
24.3144664194035
32.8623827800721
35.9942909370477
44.3538844318327
40.8212018284269
34.7137027336249
33.7580186745614
47.1265358636815
41.0257403228502
45.6033552243142
47.4722468665586
41.5658269226159
46.7627608115207
32.8007529757112
42.9562291069682
39.8316331775269
38.6873743508392
29.5310366913065
48.1234145913315
38.8962805469803
30.9431023529009
50.8983782875109
42.6447796383538
40.798945203376
37.4834632426792
37.2720453769959
37.3652580320534
52.8297981524499
27.0804987405001
35.0515645869859
36.8393948850637
37.5405443166545
44.6333010360641
43.0265141614136
38.017434397176
36.1780019372305
46.8223949535506
31.0671786743238
43.6489668419975
36.3272486115273
34.2686159068506
35.2915916744084
40.2885271630762
40.4371843565946
46.637380207364
44.3923859267307
36.1722193718826
40.2443118286841
49.2983525606846
34.422718516388
32.230353938073
32.9431466857558
32.7792892575866
37.9091996994228
54.4650547732499
45.641230132468
37.5898896502899
42.9978700656286
83.417663728232
40.1460571636808
47.0090743205575
58.4816631000415
35.1770095960679
80.9581639862951
51.15240155365
39.9221190251365
43.9504131866499
30.800660958617
80.2124762809001
86.4013724381865
35.8058671725758
70.2367632616351
39.0991235176692
75.4016841480855
79.7075181178472
78.6493211997508
47.1859834819566
47.3765432056972
50.2877096660496
58.2608068199102
66.4815882880429
42.8289079218175
51.628620628928
62.047519571652
45.9265635584774
42.0914010593089
53.7690009935907
50.447070550013
49.2899819423765
66.345965416957
42.3981933206996
44.1244326254985
47.3908345563556
35.6998777004188
39.6593761799176
71.9604107024151
56.5302420966457
37.4658388444441
84.3037647018982
51.5399304869772
46.4500390958083
44.0666528773175
48.9100017707357
62.0737613646596
58.331218253944
52.8861029508338
51.8601666551835
51.3986143796523
47.0621253404342
53.6873369616219
41.8630013093255
47.8743147082118
39.9910140038897
44.6341477669181
48.6516607917873
36.8988299144588
40.3057978342501
46.3215800876616
36.7777362440146
43.2469463005956
39.4099069011379
59.894769028876
61.7010070022884
49.5946650284723
75.5313913961973
53.7552474727165
41.6125466794731
43.7235246303347
37.9929843388784
37.3840343008156
46.9895558529146
46.2479388733749
43.7164237477697
59.9594565233488
67.5804264209679
88.5070973631155
47.2440630831879
49.3542693668075
52.8225166287523
54.2364904454752
49.8492686434087
55.1310315299327
57.3819846021133
50.8586647667405
46.4629468420416
35.7622292473382
41.7912801455639
57.3854494466138
54.0643026921271
57.6840729881259
55.9994017246121
50.653012838461
56.4183907345363
50.0244563074535
61.6418815223175
78.2162499817812
41.241424919619
63.5807047406087
47.3096161357908
43.1149282493208
45.1063707006313
53.2721131551025
42.6315133145227
64.2527302689737
52.1072309287403
57.3504146380933
47.2775975959837
54.3603107843257
43.8776233438278
42.9228876175287
10.8096790338257
62.6113392912016
43.7492085003242
34.0194425891565
57.1939731707128
43.5974601473751
50.5424208366464
47.0253787397163
59.0311099310331
61.1342446856626
50.2164388690057
42.7104389192242
52.9155142210405
46.8291704315744
47.2776420266092
66.3041081879611
40.4164492794485
46.522385995241
39.7988810008646
48.7184869316912
53.2854232470494
46.4571920612938
58.5044451141318
76.1651504130114
51.8437238977003
82.980039258563
56.8899000400217
47.7223433458859
43.2852308530124
53.241264789472
61.7424376347904
74.7014697050942
38.6686589628116
52.8665663471455
31.2360440081007
67.272190384234
40.1004882679911
45.0209490628862
53.0962841434332
42.1342571791026
46.3177266145263
40.1392476142175
60.4720792978119
46.6051649382002
40.5671784706456
55.3481362827528
42.4305440927672
49.9030558999344
48.1466568214937
57.4707309362639
44.811824985487
64.4888986409185
50.7962124649558
57.6802247518263
84.2712355961713
33.9273472634768
52.5469025587696
52.3238411443022
46.002229167469
44.7220887331787
55.6674809243013
48.1113595344885
35.0908434146655
56.0680370979633
53.7279180359832
49.7135232833581
48.2230888443084
46.7758795973629
38.1428659769952
58.0662775753876
48.209446800447
65.7463687873549
43.8476994933208
56.1661805587501
48.3513304031223
60.781573318453
33.3259233304349
52.9515588901023
50.4728235961629
45.133927095849
66.7763941806539
47.6151086887862
40.6652524163406
51.462503133342
49.6508872675513
54.6770615542243
47.2742340081847
56.0051673157991
54.7397267228547
47.5690271044963
67.7853319321732
53.4718600391305
43.8747866517804
41.3607699693197
52.0329190822565
64.1362767689365
12.2789963798606
42.1811388010359
96.707214437775
56.9425577178384
48.3433233467593
46.2853391489665
52.5872361858679
53.8580527219313
48.0900094947051
47.8259750813806
41.8995192259076
49.8187648734154
37.8370829515521
50.1169241423094
46.4324492701196
43.6089966088633
50.7767008442523
57.6809343920993
47.39330173454
44.6780700618581
70.6725210196292
36.5614163996376
79.6340231640124
47.4952930318319
54.7798256356813
54.3275342450421
36.3110974861278
42.1454672119726
51.6807514106338
61.6232744228192
35.8215927606103
52.6977058971641
48.2208833458175
69.9570188588059
45.6770991560545
45.683939851404
49.2557823249086
70.3416468784936
49.855349595494
65.1201024525584
60.4875609685249
42.4834880504912
46.1708653617346
53.3956301125341
55.5086318814854
56.1320305149817
45.4639016961802
51.6589036827158
49.6824607500959
55.1160925523375
56.8493396355381
53.7376880199925
40.2901637968833
68.5802387279099
52.6215053953989
82.2836381294689
47.8057398658345
58.1627265769837
63.7636834948188
51.6756237137705
52.0007712826398
65.9679022023182
50.1802686694061
91.3994666291801
71.8813819036401
52.1070303275236
48.9732611401242
44.7923621452443
73.0685939211806
86.5937807409552
54.3907874891278
45.0676900379364
41.0332112404498
86.7776191704291
56.9475769761292
69.9458752393987
86.5149931605441
51.7911487254447
72.6478816794842
50.0889138259052
42.6661185229667
56.2839778277106
52.3443062509275
47.8846901084427
58.5987902647875
43.5253465874275
52.3168895159691
47.4541277986335
60.2298545060343
46.6481975367355
62.5563487708956
44.8027955298328
65.5032571276801
54.9408587518789
80.0974728441958
45.0702841568045
51.0229306482562
42.9115482319018
47.4884914035358
49.4616416183364
47.4844383741482
33.4295304085494
56.3727332881714
40.9258091043445
59.2045074837719
42.3887855075471
50.4736050860794
56.1370437826555
48.794169796045
52.1711292489213
43.9939557081024
52.896326085211
49.4999798189183
50.3317019990844
56.4344032482507
41.445478415051
36.9856258071758
50.2425511326557
29.4403106991462
53.1984585886654
45.8710794396776
51.2463374433292
46.5516915587026
44.9102125151463
55.2956259344878
52.283838637602
43.9767665235331
53.0400802183346
37.5528479668982
34.1467643701239
50.5283400401033
50.3591004343361
45.5381167493139
74.8060569964288
33.1347792238862
57.7069992344903
47.1169483919587
39.7587413726333
40.9536924883864
63.8640887141747
47.5612616848705
39.7386200951206
46.8415973128323
45.8165890100817
34.7267904623681
42.2633919724305
51.7396575606016
50.9987232410168
41.420310617842
43.6657381066647
63.1816965239288
59.2474695672683
44.2276333341017
61.2622265138643
43.0105761371942
60.0161462988757
47.5225931395949
27.5269482934618
46.8233452167537
36.5737592653688
62.1333622784032
71.2276495837833
48.1796625160052
44.2986363761646
47.326884123119
40.7728716841341
61.6121984390273
42.1108976045442
71.5165585060461
63.473800388559
34.1600237983832
55.6003597542244
43.8059057108923
52.6670921454178
46.4263504658834
49.5814841143666
42.5206383023942
55.2770659695973
43.0271542250705
27.8015853725974
54.5682712485503
44.9790710978099
38.002484517017
63.7818916113608
52.5968693314574
58.8553170111131
46.7056822389026
54.5243240324358
51.2649417535894
53.0817252134133
42.5931862757121
44.024608542314
44.5511655490598
70.5828743347949
38.4923967125031
53.0727557024401
49.5982568237046
60.7283096121865
56.2131333849554
65.4296924433144
37.3030073793051
40.6413887844156
55.957032612505
65.9591571666087
54.5341734619754
58.8875377588523
55.9800376077604
43.5340999314389
79.1254010814732
45.6585545522391
68.4531133205954
54.9389866400757
52.7372693947934
93.2263074984217
49.9908572421413
37.1528500560445
63.3624765568363
47.8388187864607
67.1413484786093
46.6065369171753
67.4639528409239
31.3105612207953
30.4352582651298
42.7192610459817
51.3088912126578
82.9423258120421
44.2163987882245
52.8938515989856
96.529075892545
48.3504693946455
41.1664481075099
40.0828579449198
31.1317157134565
36.4987346622514
65.4964789986086
48.2013140882881
72.6735803141668
38.0925638987394
49.2002369661744
60.1928154189981
49.6612046298208
50.9844366327476
47.7688505354845
65.137037931554
56.4160489236495
42.226506539169
55.7374423556939
48.4983193077013
46.5281214097026
74.9445171218729
47.0915484057169
58.7887546547132
57.1339363044302
47.0900976088815
76.7613431331418
57.0364244581079
48.2465507804904
54.3128369073124
38.6137014436799
37.3913069897874
47.827823412847
41.011016913017
62.3157463585785
70.1119635005654
41.2688312803884
38.5306272015122
85.0625880651666
43.1903918704775
47.6399360660846
50.7998264912143
59.3524378288452
47.55131313148
43.8663170460686
45.2421821096921
56.1635212643235
86.7397981099618
62.9654926643394
56.0046996092034
49.2571221425301
48.8839879022104
40.4314427364221
66.5478153025086
80.4607341856684
52.5849650267053
56.7043122616263
47.3831198679164
42.1312236591938
51.3596575835615
40.0309045199729
43.9660139083206
39.3990467557671
54.9578969987382
58.8124617097826
34.7687732100372
53.0172406916767
58.4000941777044
62.1901394570486
38.5523417797734
52.6502384912848
33.7031793759852
37.1860474687798
51.4721184898846
52.5838645185285
48.57012475463
89.7098390887906
51.6940238189974
44.7378241852986
47.193224817348
59.7049662515734
49.6603630657742
70.6099379983336
64.1580761437177
46.9059637162852
51.9197896659568
33.2855302842781
50.1666529651382
38.2149119178355
37.063401105814
39.1357630146297
30.1958643375809
40.4275579498065
39.4506815416272
45.738001865543
39.0986357091101
45.4452431719368
65.729799221993
41.6999287109872
56.3508057747034
49.9686799280851
73.1870980709632
39.2049742571455
57.237789347805
50.1218303319316
56.1593886595493
43.8754333958591
45.6824262057882
48.0593311172034
44.1728748566859
56.4043635926251
49.6885012022319
41.1392282352042
56.826478236794
45.2426115632225
37.8834994559176
19.820278371848
50.4162110733421
40.1003668356655
42.5250905496201
60.5241707266541
55.0643809341985
34.7108067018473
42.1168059672398
55.9484229859525
46.6726341576453
40.8745391024206
52.6679796984329
50.7543963679528
63.6361378071997
57.4777499688091
77.5513135951636
48.9678694162727
41.249014823413
38.9195591293902
42.4817155576751
43.3467943041964
64.9201438387563
43.1621162231618
30.845150764494
39.1139430193232
59.9176622786267
45.2035784502005
49.4728669292019
92.7828617556491
95.3322614147082
62.3793458356098
55.7267422341296
50.5260968116836
48.9846570719734
48.3958325198607
98.2578386012509
26.1346808701012
66.3099988962756
48.9487795958734
84.7411728407475
47.3812693256855
71.7397348138945
45.4963531644422
65.4040782472202
54.2563295457552
75.3201191055761
37.5739493043177
52.860142254481
66.4697940504063
42.430602217176
46.7719811746999
36.7061171381995
69.5533817923125
88.2298773976768
73.6045195564129
50.79373676571
74.8659041503975
35.1549630771403
47.6655885416713
66.7462802205929
50.7024695233982
86.9997763185365
46.7824744149084
46.3861095766404
49.3880690227489
41.6457525900157
52.823713462531
74.6707733896458
44.2080541991083
70.6311533383408
37.0707336116737
41.6535562690972
64.6311829988906
39.9987962180294
46.9095010669612
56.8872456558446
67.3137604399041
43.6500980755426
55.7708507996822
60.710057846481
37.2890802652858
42.8138564490725
83.1242465841694
36.9527009948434
42.4840002263102
42.230622337081
41.5999285295743
41.5440684181657
33.6611488569829
77.168066937165
59.9329896950164
46.9383327490182
61.9011510021582
39.0494177363423
34.4145467117536
39.573579968147
69.784144940694
39.530330896368
46.7724515152702
48.7954451869009
54.0931404912139
46.9203749846822
43.4906919613178
33.8930024158785
35.9308891717378
79.8515507691287
49.974146086225
59.1934477821689
35.0431766869298
46.7019892371179
43.8573784381524
35.8561270016299
31.8260727811084
44.5930718240205
45.4047196082503
37.7520707019031
40.046036329443
39.3531311697489
39.8008458082938
39.5889983812812
49.2750662504952
39.9396525845022
36.8738303578556
56.7128212678306
51.473004552174
37.624090271542
39.645784562582
46.0569008772864
40.1326710129869
53.9627650957282
35.987911665495
46.0322874971156
49.0541133753683
42.4634161382902
34.6818402861649
41.9953804053945
38.0317177599972
39.9579078694244
38.055900286992
55.7016630436392
47.5782193971104
50.113778807191
40.3119590713864
97.342149922801
30.8341190784223
47.40836406331
57.6463380438317
36.3006916939142
44.0091875845028
34.8262179636246
69.6439917645337
53.5100617311912
40.1546402185586
49.923870515988
35.6351653650409
91.4759835490336
38.0602907680178
60.5431982160949
47.3529727824863
48.2431742300895
43.3779342748714
49.918161277815
51.2048313533997
36.9581819139426
36.8443700059546
48.0484457450389
37.2655218477038
51.3089903352068
56.7738488019028
33.0727412188139
41.1077427689527
36.6452004471665
50.3435159282501
40.9608254007576
39.9277470399974
52.4502184375507
33.1095959519025
40.8459154813494
48.1260798777329
45.7692120663355
42.3905352150384
33.3721236651425
34.1896455895465
32.9056399769029
31.3505159698328
52.7660144090488
37.3446318924885
64.7267091073542
51.6238511711377
38.2470656723942
55.8843229840252
51.5295332719856
39.6734778857636
40.9994999406724
39.413229210673
39.1511342233997
38.3900489702172
67.4734518274596
45.7653234526599
51.3987567450741
36.5546045722217
53.5157112669078
47.5979455295335
42.7265712193802
33.6824885054145
26.7359340224509
34.3626874833333
19.7282890536793
49.563752691846
41.3032985052317
41.5226842766493
38.6904473251637
65.0499188262967
39.0468015805946
26.9185382494186
45.3172390985521
71.0374302870912
50.442249277293
67.0020027997977
49.4253820561006
47.4770379805749
40.6767363208471
43.0642540697694
40.0054993704316
33.7340838152911
47.3827531032685
36.4159882251197
38.0494393670519
49.5509345071716
38.3869705930649
38.7596776999988
29.0754088863398
43.0841500316671
47.9466431959875
37.2037845088056
56.0022736701889
44.7918663525802
45.1584716712267
40.6076133020783
41.8157890590717
34.6301468356117
41.1177104933632
34.6650585090237
58.5490300516857
58.831042853128
37.4058780704938
37.9688375436402
46.1418618694009
31.521539249747
43.6547258711446
41.1240617161965
52.2722829876472
41.4024188997483
70.7184976571473
63.8838582798761
43.4028746786185
45.8157849148062
32.6593620527435
36.7181393500688
33.4415621016911
38.7999933139457
51.4452161280147
37.7488862660919
34.0121501497556
42.8078642594088
39.077367512162
36.8732492313821
48.1028026511498
41.509822575171
55.9631142185316
51.2198821887223
34.046897305001
37.642929547128
52.9338720349243
52.6335629068953
46.102150272412
36.404057047319
41.2916271021277
50.013253070475
47.0238206340088
39.2487798148276
33.2767065288666
44.8278940182161
41.0255977893237
41.1159300906182
41.3198720371552
35.2659893382844
43.223764058631
39.7620241965436
35.6452709485239
41.2594112207972
37.5261970672923
62.6893078960934
40.3264776905532
60.4996586617033
42.593782360934
42.3540985520974
56.3063676268133
54.0792138370692
30.9054483984705
65.6475682109635
36.7660796551113
44.9938070945823
39.8689773934557
43.4811440204035
38.8298043893111
30.5995222554926
57.5792791170554
43.3279581744486
35.9026369447056
55.5821433879662
40.4625775623111
39.4788655627256
54.3140574450959
60.3238222132362
41.7385622657708
41.5988791083869
49.4366693271044
34.3873026589914
37.2828823442104
51.9525089252597
43.5409635200587
54.2733257298976
52.2899318244965
30.9442126928224
45.6601093677694
42.6806143813344
51.3411790675574
45.4333940055369
38.049542764605
37.1208894256672
41.4915643326254
48.0793180316216
36.4505493760002
36.0178194710371
40.4384986884931
46.3819421180957
37.7235088382036
37.7609640370475
54.6856109508076
58.6163166375243
39.9786329530888
43.4541922467601
35.6540818970321
58.0179192644579
63.2257215156795
59.8005729980417
58.3182034928114
41.0130455777579
45.49790608533
40.0623500347923
50.0023033111041
53.1297505487148
39.4286340911249
44.2222728623081
50.2426838499946
56.8999038746283
41.745494035624
36.4802024915028
52.6346790230278
44.0787611300373
49.7143884035894
44.5090508893985
48.8885632277516
37.9851835072159
45.5048677475712
47.6709619519597
39.8244795205377
51.4657822706909
37.1609932955596
44.5796860799345
51.0249731320547
38.8901169682008
59.9243516462475
66.0117461306223
88.4616403938775
34.1770322478825
45.1997341043164
47.2966282041628
52.143471503956
27.6009555939557
51.0079612437289
14.2518377294492
41.2629349175131
36.9832878505703
66.370796815109
49.7508545281445
55.2981883062747
42.9538168060269
69.7894631662506
44.0794914959817
35.5062559772911
54.2042277373748
50.0766791754065
36.737710169334
52.1882110268345
49.0615017023999
78.1219352054151
27.2501742887275
32.5589362754338
33.652856728367
34.2230520420695
56.7415704327862
52.2036875445332
35.5208871476714
40.7000326509174
45.5423358537777
40.2494859840289
58.647736974684
36.7540178530729
64.1209442440825
44.3717393671904
43.2685303749698
50.1908435993754
42.8903174088167
39.512946520695
39.7230030936413
46.7340415491646
43.2674145933552
36.1307885340541
46.8948428194601
39.2042750549346
47.5558854871925
39.90724110588
34.6845883127515
38.8653272858004
43.729033673931
37.1805440253947
50.1899645140407
44.1637481816829
52.1668925085406
41.1626561804616
49.3468914164544
50.2277579686833
41.4057504852313
55.5858960519616
45.9154191065515
39.4558485384884
63.2861580247736
48.8748664942373
60.1912372963047
39.9438374847676
11.0077397278596
36.2829957341808
48.7745887345145
34.5618489831925
37.044158652772
54.1063023702548
45.9642310144817
61.5376873802777
63.5135273639125
38.7799286816139
44.8771595770916
69.5147381899301
31.749542792837
44.6606959610406
56.7780967859278
46.2888365464687
87.6177305525403
52.7768154804222
57.6310499004966
51.7319267249603
27.4813467614392
46.0567599873625
38.7560230937146
33.4614327957533
48.2659856112109
29.8044136627467
42.6250364188572
50.2481663612374
51.0576118124284
37.0624450995392
78.4657883828339
63.8523513325521
51.669913705252696
60.3692666010047
35.7603043689356
46.4595448903606
42.4498075473459
55.6458418951931
34.7086684302769
52.2671073623829
55.2974872843817
43.4893767669105
43.6508099798181
61.8558455693337
43.5356430430726
44.3324061209749
48.6641392284931
36.4795384197381
93.8835220304244
63.0912565460136
51.1206062096159
38.8121068748855
39.3690821991814
51.0342974420357
82.9561530078968
31.8852153215353
39.3101629331213
49.4694666291777
31.3625474132324
36.7600674864377
42.5701552198571
38.0834526522165
35.8755494726834
49.9767440569185
31.1142201870378
60.0383408719652
51.69833562896
48.0269616663184
38.0492605888003
47.9486994808543
50.6422122529672
57.0955127709978
51.712873090998
41.2444128524996
63.1409600571344
45.3537824680081
57.3713471081765
46.9766361363946
47.3041678248792
46.6849827597611
36.3187957063388
44.9591684294993
55.4686094371498
55.741340782843
48.560248549944
51.7610152658802
44.7863403571749
45.8842128543268
52.8300577860927
33.8664537257392
44.6933991575526
37.883840929496
38.8361381017602
58.8388356819454
35.8940209067383
47.0402582620094
53.4560252286551
43.4508454765375
38.5049577281321
45.984733803052
40.8636247991757
53.544499930787
50.3871096330973
40.609421732165
44.8021895164117
64.3010758514271
43.3285632216886
64.68554609804
55.7747865848784
43.2765997513614
42.1555974262422
53.7003561519717
65.2713143831117
42.5354814411137
44.2067573725333
60.8601604208223
45.0981810620835
56.4202224542242
33.6487397154254
44.3070168714638
47.8084610813969
43.9012936664816
45.0117221671105
54.3418383919267
40.9248036235119
44.2803982921874
45.3696211471037
39.2049307850407
32.4946104998758
35.6828598396403
47.1184747938765
33.4537944546869
43.405767261126
40.9577812146758
44.8071888758547
52.6795190613683
40.5992560795699
56.5769762262695
33.8322630501328
33.8894474450208
40.5106998758447
38.7435606318621
48.0102679830503
22.740269181918
37.2983747593897
29.3087085203516
55.4411457562898
44.18310780362
40.0121686696544
44.0714106843888
44.8518166396903
40.491786469533
31.9354919765383
40.5903622517995
56.2311054289058
38.1354321744746
39.7401284407626
44.2626386032959
54.9716625584652
36.4403534046514
34.0722556455346
39.5005490159643
35.3640694417789
32.3841306247938
34.0302139352756
41.9316992545123
35.4617237948026
14.9035224750077
49.8820119169205
40.1016729610931
46.0719088619309
40.5311630618314
35.9677040694362
38.4191627905312
49.7356378662921
37.1819769414436
37.7563956597727
33.8731002883053
50.9203317802113
38.6545300980631
47.8019928320806
35.9785822301554
78.6530702088155
35.5726819939042
49.6077698225162
40.1724322070236
35.589196389003
64.3186202465375
32.1613917097413
51.990469453149
90.0153996411648
73.3537256647571
38.7715797061322
84.1060065591704
93.036095485607
