47.9915452109606
56.481615040806
94.5073355076603
42.3491920467532
48.0493137171364
46.1181710196011
43.9925754779795
46.2415722357988
81.2930660750165
61.7740908143376
42.8836215435305
46.4116955249882
50.0393687584199
51.5750571321854
59.0385206811404
51.6870595020903
51.8264642171381
39.906891975984
44.8432511490249
41.7261364774741
46.1407817230871
48.1162427633928
84.4428646716753
48.0375011239715
45.300689075765
40.3130855989874
39.0071827125738
49.6895407435949
55.1447695107408
43.5127108815608
38.9816779382148
41.0184231129493
53.3265870819827
73.5638010302543
36.1539143134641
60.5218494188529
50.9498162380516
64.56731584241
41.9342286141559
44.4123978697345
40.3442603628804
38.8752866195654
51.845598991944
46.8413037194465
43.9236935571634
44.4145164057207
46.6979740528747
42.3073992876141
53.5259157163135
45.4549334048822
57.7619216156727
58.8998390500657
31.1429050787087
36.7561713572239
30.8017179629827
41.0587800314973
42.6143962654069
48.4227010334361
50.3260975390376
48.1714649604085
33.0110363334876
54.3203177196355
40.1632391969486
42.7953973509148
40.7043005041973
50.3289334587072
32.3701818618901
42.7802489258861
29.5612850258966
44.6276045131334
37.0082065540258
38.4136912970953
42.4351336987129
40.2823108139043
40.9910510742116
49.4092911054568
43.3816638948604
36.0494459184417
39.3401217899781
39.0575196421462
47.0719231136428
48.1987779656065
33.4230179228482
33.6959242915608
47.6105746982093
44.362373742168
43.242546699558
62.7371719555432
55.6289179310879
52.2926768646337
44.1792013253229
43.6208269107173
44.8672150314122
41.6915135259893
73.7124628567792
63.168085678656
42.977368403447
54.8176887998292
46.5351589682085
44.4867535169681
58.5626482156483
45.5801293329075
41.20247028392
47.7976444612683
39.2304964476773
55.9249052950355
39.7998569290809
37.7485219760409
37.6289964002944
48.2558534690438
40.0778331284644
36.5938788693473
54.6566854457706
51.4984387864055
57.7692122874454
39.8023287250749
35.3371475405307
39.9728403751824
55.8966376376263
51.7859324130232
40.5411920566273
42.8859852906724
33.8935615675641
53.1461218389887
43.4690968018677
43.1454915080865
35.9186549787025
50.4680708584029
44.7849073167934
51.459315286479
36.0512580593099
53.9428315754928
60.0755687070565
44.9554523108138
56.2834490198519
32.2171138423567
72.7286895503936
42.9231293463292
73.3052226177478
37.0649705917684
42.871498098123
35.5939482773038
43.5864128676434
46.9877195694795
47.6544890811958
38.4293371005865
43.9385873617954
48.4109809232407
40.3339897733066
53.0277025440353
49.7507788341297
33.6123614858436
42.2631309889309
40.0817911957548
37.1609527772229
50.6213621133536
44.4818831115734
38.3047481230397
44.7564251445103
45.686323895245
38.1548002940899
51.936889412022
32.1468982057414
37.9351430158404
33.4414534558643
37.9202115717334
42.3620849669075
82.2228944675085
46.9371318954072
36.9611730791593
40.7388259487507
51.122847059888
49.8631089224913
41.1572276208788
42.777891373842
37.9042105911333
38.2799247146659
35.6826936811372
54.1320530512917
30.0342555150312
41.398893699977
41.8574708370661
51.1216164029317
34.17441967884
57.8996197979548
42.7941843057122
41.6645060052064
62.552194908842
40.6803128756183
38.9326826355283
57.9147756387861
50.6243889291293
52.8492716005319
50.0858097083202
63.3440971246383
70.8880210474607
77.5137556947717
50.910260004701
44.2808173489955
44.5798276459027
67.4982009230222
44.9560355839887
32.2267604069786
29.9966219987119
52.8063120867733
36.081640799636
35.038027803876
50.3702663270594
46.5648738586121
35.4371977530764
30.6411830498887
39.6296799779597
37.8795495016464
36.4176797927287
65.1253652605905
40.538834230812
40.0818819959108
54.6212088536535
54.4760094734081
41.2579316960767
42.2143048352749
49.0394152672112
52.8479822494113
40.5472430886067
29.9123056594964
60.5068235991797
55.0594620297754
42.2370725883767
36.5848619613848
34.2691836319032
46.3737955974813
50.7772556365864
45.6982156107079
34.6439697753337
29.8913390230533
39.1043653573686
32.2156125621335
50.6540245048954
41.8714767243156
83.77267970028
42.1546412477182
34.0203186271598
33.8314100508779
42.2277526806038
40.2263700034355
61.0536185622708
63.6450251025716
54.9893561067867
39.38877570098
51.7883112553656
50.1893365588867
48.9120134326525
52.5589985663977
46.8084915863957
47.7591119844433
61.6548462912486
40.1169274696135
32.420202318875
40.0623295466641
37.1653929775918
47.0452578085075
44.7553274652652
33.4924954158573
45.0603447021803
39.2895683238351
68.2300061314002
44.7868932770503
40.8663824018883
74.3841414334638
33.318943325477
48.3423076432367
37.3476195344769
50.5587213293843
48.8615146930896
44.7550595179827
40.6770236228212
39.7717843199184
45.7726802223833
51.0545336016675
53.7301942829717
47.8534719718709
42.9750029441451
66.9644433471183
58.4940190902356
42.1159559952604
51.0914750314297
48.1443620915578
53.8828482076854
52.4266404522213
52.7154746046014
35.7026570091883
50.9150923627728
38.5656274664151
49.0052438601949
42.2950706347691
49.1725881746776
47.8425904844974
43.2135278157658
43.2698338540046
43.0687737935063
41.8919200371653
41.587798513716
44.1722274875126
50.3533066710105
53.9266113050903
41.5182321529478
54.5996942366053
63.0760628646061
44.0795799990558
50.0231903426224
51.4580125025302
39.8913665228698
43.5521613297804
51.9021113580861
45.5200960308932
35.4448251048242
39.9736243497355
48.1439870799556
52.6906187026324
41.3068458012303
51.9776019144849
57.5070770136025
56.62692267141
39.4301292292952
36.7662115804031
50.1017827027386
45.6657579730248
44.8751596876718
43.5797778275874
48.6179830721967
61.3978139140192
37.6618600253571
50.4936486068627
50.6144740206883
42.4289029727807
48.0254291492256
39.6570856344807
59.9068438004486
44.7927317479899
35.9984988535875
44.2496945142572
37.9413134139173
44.5720632950002
51.0400519455805
43.9967675294631
49.8963913261104
40.9435038564928
47.7158161724714
40.989897327213
48.7340832076639
46.8737272585765
62.8566720658302
31.3559791770531
82.381426237137
43.620458907004
51.331337259914
50.0091153906045
39.4130335919986
52.4169259782555
43.0309272328798
52.6990404763048
36.8018835477686
49.3615421393815
38.8783305508567
50.8368729208241
37.9297779908511
47.057305814481
45.4166571058263
43.435556884181
39.7561579811404
45.7583903023255
44.0320785085289
57.6114038691795
33.8612017886725
36.526620806319
48.5463872534061
38.6087800365182
35.3863033486944
47.3049556887971
37.4789495125185
36.0410362516498
59.5095477505915
44.3971931172037
47.1398146714476
34.4304915480925
45.0087480838488
43.9356693895017
42.3494191973557
40.8626639863774
38.4252154039431
52.2875597367003
65.8399455607508
50.6018974880589
47.1510617437402
52.6491723840433
33.024570825116
33.8534700224248
41.6131097587775
44.0946029287826
41.8955910525473
31.2164800596056
42.942332948182
44.9185285589662
47.0844718438843
49.4219283698626
49.3960755738613
43.9822791344167
42.0416650777479
44.2929209419052
45.9725289692263
54.5579414484886
45.5971947001711
31.4400350600168
30.5029127592557
38.5565344487202
33.6857030737211
39.5895878168856
30.6649813584437
41.2923817189336
50.6923531804918
40.8529441973689
40.7484375664368
34.9909240093022
32.3877970217232
39.5992051007976
36.227359721959
33.3711775851173
47.8249996526273
45.5863644257793
45.9725354208873
45.553828297886
34.9937185951233
42.8519039421932
30.8962390287708
36.0957130675815
36.5201939502494
46.7999203735555
56.7237542588321
50.7409408452554
47.3363990519454
42.9698340516524
37.7807881245183
33.4090448210288
38.3965487881508
47.7065196966867
39.8621419766308
43.5587514560469
40.9102860591752
37.6395969488318
47.9965206314785
52.0088360114891
47.3869540933545
67.9320627848102
44.3862460307582
54.077588526517
38.8609743096845
33.5152738663188
44.28357260887
55.2585993399122
24.1978046113192
39.866486566595
45.9118350369379
48.8969384360484
46.0343699416385
44.1830777040111
40.4559940806797
41.8629225384271
46.3659851324831
59.7181063809544
53.9109257427704
65.277162863323
50.102094140455
51.9770193874179
47.4917294626281
39.3402165265973
23.3770511617913
38.6019334826907
36.5347001152322
37.1662987762479
46.7110949905488
44.0599839551
29.2915640916792
36.3478295653212
40.2126389076086
53.1971229152479
44.4394016617685
37.1834631569653
47.5698937052477
58.3465488763382
38.1880192964357
36.9122692331325
44.6294195806447
32.063195219469
32.0852069452483
40.3391739592445
40.4913393072585
40.9658674179058
46.3869850931723
61.8300367192827
45.0575393877232
40.9545821772744
63.6448837385838
55.2436128728181
48.349112283621
43.5165561474842
23.0454170714931
36.9998831549118
48.6950098924871
37.5016682670832
38.609388494613
30.5161390775589
34.437407060582
50.640489171221
33.0478931067196
21.5438621112982
35.967040265886
47.5244481615989
65.5508043980628
33.3528349629695
42.8285776380358
42.1999419149746
51.6649826161943
46.3443859241893
44.1539156204911
46.5614775720594
70.3712444763018
40.6710712320004
47.4000211174458
78.3342394179279
62.0992674073774
36.5222308514762
45.1078885141663
43.0495107102976
51.8387135813536
53.728057015843
58.6002853382977
46.2776463942069
40.7893352356502
48.4340949415475
48.7771406905021
43.4926058092387
66.673855167165
52.7177416831091
35.1962409032908
53.3376430153607
32.2543673130022
36.2879522247452
45.652933143198
44.7456283333224
70.9106544654384
41.5175585766949
39.4463391581336
43.8466245954548
62.1565528058174
38.7357486541043
46.9388285198563
78.6944901416674
30.1856225984151
39.894092213598
38.7300371242552
37.6172024529974
52.3489959170029
46.9425503453108
44.1561343602185
42.1094427870376
49.0825245163508
53.740617576908
53.6961412727728
56.9477431659652
42.8582716474854
50.7965531805439
53.1059060750465
51.0552959900216
37.40065619472
43.8199629194691
55.1733183551406
36.3001765902964
44.7070643247885
37.4592811214184
30.927995860038
45.9362177357793
47.5120291142362
47.7628969648741
52.8540722398918
49.6650731885553
42.7321470557762
50.6532967002202
77.9751033070223
54.6452643751295
59.7825501060799
78.6778017040724
49.0300760039952
43.5674127290338
38.1357041723611
46.1339241873121
47.9503036130573
49.7678356205151
48.344376604312
46.3912572551985
47.2591853875474
38.8853611698275
33.9037509069948
40.384184692187
37.1057462227378
37.0866846372421
45.349031663437
54.8865742552359
43.7965555636951
37.0987548640935
48.0486983901351
42.4929901704111
46.9480807540153
53.189270277921
61.9520618414935
38.1051785238908
54.211079222257
39.0240820068674
49.488360062215
49.5804535528225
39.2619399840499
49.1114291548172
43.6991211637033
41.7410588290914
45.434947756285
41.0581078504763
39.9192903040637
50.9360526052416
46.6088260837384
45.4983191982565
43.1867849547223
69.0984562166538
52.9964185440163
37.3233850227094
39.8948770057303
49.8575782425314
51.8553407703532
56.3501803481909
47.5811721682654
43.1264860158585
50.0676701450789
44.7874033906118
43.6992676873454
47.5133711661535
45.8359454958355
44.1595614066396
43.3727615012656
54.6415577296887
38.8350143479665
71.8716230991773
39.4710140810532
48.1522967556869
53.2535406989487
49.6255569990025
59.9040339226118
39.006295223373
57.5510881098712
42.2361919923416
43.5170822461023
38.2717193631224
44.0925667672658
49.706566593586
42.5251432553242
42.0546745406213
41.0640982223019
38.3128645423396
43.186193838209
44.9522726863015
37.5729359015783
37.6845245567255
48.6511290257059
43.4076701287667
46.6542601003263
48.7028976173812
40.6250988223033
45.398478175209
34.4228919153984
43.0732386469998
54.1807291174928
39.3716402330178
34.3939937640599
44.7370794271976
36.1184094956944
39.9658184606611
45.7907780480759
35.003632525665
48.0954591638982
15.0572037864748
38.3406582732515
48.0716324627226
41.7424503616034
44.5694100624136
42.3789857751665
39.2331060316651
47.0152407241995
48.3897023245518
33.8508482067742
43.3904645773962
39.6830577877071
41.1600062571209
40.0718586662717
42.1650958635496
41.0199069783953
44.8246775289623
48.0733128398652
66.0648022597588
44.0053039767829
47.6390062764495
39.4773410580752
36.9899008988259
28.7879638438311
43.1833268508805
40.6872835949906
51.8635277217662
42.2428497948434
48.1021473460832
58.9657324088807
59.7554634520669
41.8712036257382
35.8471150791016
34.6930843042508
49.4679379012049
43.7425357402313
44.7036319814459
41.4316444465635
51.2272794308935
43.1070983667921
41.7991529777021
41.5903302187183
43.3068375338752
44.6498913798036
82.8475791873905
46.0946449136664
35.0806543578798
46.2473562101014
35.0586086652628
42.1178916314722
92.3602668387395
44.6582514174018
37.1425414242024
39.0819249567912
47.7204134345909
60.795551526417
52.2756241398649
35.5972796574122
47.3222691710875
46.1369086954745
37.6660814018975
41.8862186312769
45.4764333764802
39.723710841702
34.0867914950561
55.1802506676414
42.0038229311328
18.9181779927291
44.0421776193655
51.1369744205942
42.5630327081745
46.4980627046551
65.5472286264639
44.0131452458424
40.3678213244627
46.4089151250207
56.4868668073417
52.8030193867078
48.303015696769
54.5533936375075
50.2317816959221
39.9063187214766
52.0722721775242
47.7590863020295
37.1069438098973
51.4539559039545
44.7098844618489
32.1006881409931
37.071490811517
43.5989567632233
45.3505083678224
48.6754119276206
42.0053035479454
54.3218698493915
46.8532908944717
49.4586718327141
54.1869078433709
42.0435370967388
42.8186667245423
58.3485417057131
67.8898711105876
48.3267418319549
43.0703041624489
45.3683490105525
44.9659645319765
54.5426331809678
44.3061383481413
44.9877556475627
52.3994796225434
29.3645457394296
36.6259899693773
43.7349347020557
49.659833420676
41.528427202948
42.085720118954
41.942636115752
52.2572443394045
33.1478813459026
45.902300669182
40.1808379494748
43.2458499402177
59.9787477927771
43.4207632972886
38.9839509836033
40.3551907695614
44.6497389184435
43.9153440744518
47.7300437471264
36.5613248539571
37.8287207935636
40.3419611578443
32.2702176068996
37.1357060516923
38.5042899986731
69.2293235153407
47.0778958872854
94.4911475976208
50.4341810267744
33.3257734076938
39.6906765526251
74.8827863256377
42.7522185584788
29.4451228249536
69.9903682119351
47.9341892650445
51.8492407089469
42.4783369926749
94.2639859142013
36.7001446591114
74.6129738902642
53.5504471179161
86.1114665264437
99.1209944783434
67.2621753669419
43.4693033550217
72.3134958158634
42.0055393628704
54.8564528994424
48.8005640216691
44.6749957554987
48.6911086329801
47.6399892203671
50.784085574686
24.1421385581818
48.7424507377159
48.4941955448196
45.2633609965591
36.7509438488536
44.0310467292416
38.1593564667514
37.075762663168
53.3509343384557
54.8019035066202
50.4889687644636
59.3362847307116
95.0494510395764
40.5387636608677
50.3342154864108
46.2473549256511
51.1836362849113
46.9588651607692
44.4523667050764
39.1496107271244
45.9154635849301
36.252294719877
30.4272097936006
52.2391851261276
34.4559643692588
43.2859777038452
59.8391113499301
47.02308220837
86.2001638923016
47.4513624303242
54.7637829047633
37.3319523841356
59.9497897219513
47.5609706689601
42.3069740296103
46.557260743386
45.149098676445
47.592927146791
47.136965724565
46.3397845666116
52.4558390793481
57.9957383453806
45.1152411634756
48.1460335185197
63.4679596896989
53.5142764307198
44.3653282469619
42.3233825715044
33.9476281651983
37.6731292114786
44.7465236413247
42.5669380005535
35.6744272271054
52.9401549750854
68.0273049343375
36.6207568793843
40.7586317496565
50.731451054197
45.2743376191714
58.1407958268289
52.6065788874881
51.4450252358672
49.4294225046254
47.7804905494551
48.7448013426309
46.9598124320561
47.7704407396509
71.7326479938358
39.8592334376538
54.4459288060992
44.8570876186721
41.6124977454849
49.0489208862892
40.9290024522858
75.2729399273884
33.1788599740024
40.5437003186011
41.0598383438306
55.2442335257557
38.1780614863031
44.5823697067306
54.4728103140376
44.851631324243
39.8809341797847
34.2772753757838
40.1133445132683
41.4800498481507
57.1914054374726
41.2773811914809
33.0300153473805
37.9201510324384
37.7409689119931
42.8341369322916
46.1563610039187
33.6618376404014
39.5740300439587
44.3601006721793
46.7109844389506
50.1658880370944
47.3195117522556
51.3693291502781
47.7094139434301
46.3001391799205
40.6522513791786
35.5642696611832
47.0705254413037
53.3311841040308
44.744876097795
37.4363573326775
44.2171358664922
44.576319606321
56.5714916969728
42.8541220933844
41.4241278925589
53.5642805615406
43.9634037737769
41.5583616489486
46.3306701956573
46.4874336911554
36.5997554629742
43.7061885564757
75.3056297977182
44.3803838679994
44.179334221099
48.8246062514339
60.201713126693
48.9136449317096
69.6004772133023
60.9167179259393
41.4633767269157
71.9425569074796
52.3414575006735
65.4367725815465
37.7375495927619
44.7591925864149
40.9864674963356
32.7272364576923
48.8582483565114
43.2633837511567
52.6591080033918
46.792139848399
56.0513799800012
50.5084849415488
59.9219171406518
60.5443166108339
68.5688009229298
40.8966110048191
43.8613408859667
48.1682853105327
63.342040983744
58.6717468927361
57.1901936910465
55.725319221648
47.6755764771311
43.9872244910641
49.5699642765412
63.1363866954666
45.7085306225019
52.2482236449635
48.8957840113122
44.3814193392667
47.6175591970448
46.410970972369
45.8138228876867
58.5680158179276
64.8161984723729
45.5888902985461
49.7593181390777
34.33490080243
47.6113389454455
47.1874410149318
93.6123272336637
34.4721835563544
44.9614859950232
43.165061768179
40.571264354768
35.3898042105635
63.3012033775125
47.4241063221864
79.9594693005907
55.9062825463468
51.2035513695572
66.1724155933247
51.1351254403485
63.6705157107111
50.4859197279579
45.5403027605748
50.5380899225645
50.5311038257219
43.79228307978
47.0999387825934
46.2572000413469
62.0494392302393
37.9500448299882
38.6322771745416
52.3187243875506
46.1156130316306
52.5653977369502
42.9222204029594
41.0295768474986
49.7513779275999
52.6172526229015
42.6790789399335
49.1394409921253
54.4163089608605
51.1731188261479
45.000730559854
49.550189461963
66.7094645167817
42.3931691327358
63.733898128452
46.5834616274676
48.331809364449
44.8410873823896
39.6641306265337
48.4880411454103
45.1426745588335
49.8721129233181
61.0973499478377
66.8174082992084
43.8457548427208
85.7985906405813
77.7584144447674
42.2384528570239
66.6379763147796
50.223810065905
75.020343144184
54.1287202118103
59.5046759903389
48.5061069840554
46.2643339544241
57.8309394473889
53.7722672556528
62.1468146883281
66.8672048677001
54.6855669509267
57.1401091152764
40.5311603040921
54.0758826519649
47.0413932718522
29.9282452860812
40.2171861893354
58.3806380266086
57.0341073623091
60.3174243262516
70.7553784369323
59.4273943448904
78.3535064563852
63.9969514545051
39.0579601036303
43.5425658973278
42.9568670830755
42.4318926840238
54.6204227762838
51.4688830305952
63.3189832543256
43.9621890625044
96.7110069883697
52.8152696748919
40.9344937325569
28.3422810194913
51.0341405709077
58.3088465568734
49.8112105937104
52.9030595903069
55.4526514500896
46.4766537149855
43.8442582068211
49.0652625445761
59.4782797204023
58.8041565468233
57.2082603510322
48.4929966529012
67.2879461895902
49.8763334358163
58.5263293145603
43.1129827047419
56.7391672977506
51.3910252399839
45.4456190295939
61.3486623209573
58.6431668515688
57.7747171287884
51.6040379166467
53.6239181301806
44.789968849546
53.2287663137153
52.3406819898237
59.2744244380217
44.4794483769587
45.9865296196576
60.1866383704847
40.308156126413
54.5550529688642
49.3682561000669
54.3382825631943
61.6957964604109
47.9372753811471
46.742449272927
54.3641337703861
47.0284001476981
55.1923826452989
70.6234786342198
64.7250144256095
36.9906225793131
60.3379123903943
58.3571257675588
52.723484574608
54.8697634871005
46.2309406796426
39.8965695053325
39.7297860399607
58.0244123903098
40.3453272220662
81.0015030128363
56.4369479596516
58.2655320071438
55.8388985797332
47.293727808231
29.8222363118385
47.2148291010079
51.4165093957872
78.9118138675533
48.5963638285365
27.4662637932601
48.5282580238416
41.8196144071116
43.4169745493469
45.9084767266194
56.0215412797264
27.6540471861311
54.709579891724
36.7937439737403
50.3670264463374
54.0086709429926
58.7510644990248
39.8796855303274
39.9537487928161
45.8304075800825
59.1815526978615
60.4605860033187
65.4538100279471
36.3924131518848
52.4514870558755
55.7706923986974
35.4325280376984
36.2745461196512
54.0872228411496
76.547461385715
71.0214573805441
55.6284651972848
42.0534782073419
46.3483484975348
43.5856939944896
52.1980259696327
41.5190707241331
55.5151919304857
62.8261935379004
47.1831445368838
48.6695231989365
44.0922912839091
52.7164286543461
61.9285870277516
57.9557454271778
62.097514333259
48.851219847507
63.54019492786
53.4274931128306
44.3777105015333
64.743391147672
36.369541282859
49.9941286249296
49.3008664685178
42.060733998016
49.0202141672001
53.4450476299841
41.6017200015546
77.6670735857476
52.476339293088
47.7996681188223
53.9301552880813
45.4851688226092
43.3348009207858
68.638745919773
92.1702425480489
94.0264011105612
35.2972238620762
40.2363714886272
59.1304406546239
43.5407864962792
53.0360767985244
43.0340467625512
46.8509209152425
69.3032851841853
54.3927213235688
53.8129136755494
72.8751216191439
52.8521485859986
53.7588256993728
50.3719584121536
53.2739618367526
45.0082870511422
45.6219462330501
76.4252285713395
78.0429690525341
86.3580432813056
45.5205797436981
53.9299081129541
49.3421968040886
64.1436794943502
60.0663252725132
49.5755497503985
53.2575922118304
57.3826789976351
45.5926457910897
48.9781724162338
33.3008766838013
37.2824478419286
50.6965904332318
56.3039218984982
50.6377753088138
39.3001757813364
56.1000559567951
56.2013981372134
67.001000212459
48.8900429126307
60.4811253197269
52.1396195190056
54.1757355656863
46.0549164005264
40.0437262612033
42.1138438819405
57.2378171998777
91.3480696443596
44.0991730869149
49.0818551551038
53.6156135764836
51.7585676140178
53.3202913834687
54.8200257667173
39.1292283015744
37.4802011030315
55.6974722285185
73.258709555724
66.5272945416015
58.8675756000964
42.8059640429343
47.602413884698
46.6331826579674
43.3628916497407
52.3634222363276
64.9092608753704
59.2504163300923
51.6075322047995
61.7764597647636
39.5951222159626
44.1092569591677
46.838755516866
51.2055245345483
57.0290235668242
33.2894126661623
46.8449598918121
40.657493374546
42.8183455867242
41.8834948250001
49.8671503622028
49.4973481949031
61.4281569981228
71.7145735471276
80.0312729360069
66.9445076924716
51.055481631058
70.8227603510568
44.5858839776088
47.762292846404
42.9835226398364
49.7836677329349
55.5170243704269
59.9248625037032
61.8985727414293
46.7782778587916
50.2646318027329
30.0216137011832
46.0415514337388
61.66112588324
23.1426328227939
47.4183914355118
49.3008997503263
51.5271280086327
42.6730038403793
42.1356215568162
58.1855986106261
55.0311856960787
66.1477122029949
55.6631641961855
54.2198380842085
55.1579320286046
48.836106418394
44.0090541277352
78.8073767423182
74.5070037315675
45.2132844916681
50.6684379523329
57.36363411158
48.0731926430964
51.9958717442276
14.9530590760507
42.3294396714589
47.8599157829067
47.1596850455515
39.9023107069926
38.7349705025016
42.513099731172
58.6256809011393
48.1731389345786
61.6281628120417
55.9299218992059
46.0678537226209
48.4878215701008
44.0433089551344
46.1113845205128
55.4907290526319
41.0067343434911
36.6263335972305
93.2480370392212
52.2700770282232
47.1597163806446
62.9838893236676
52.5563799259683
51.2103464864859
63.5807540918169
71.7949992401579
45.8369047935406
53.790185210588
52.778535392121
57.5576868765974
44.7196972524851
40.5552507258362
51.7129050941198
16.0071255926335
38.3337045897109
50.6779367325913
49.9656713268335
63.8867648888679
47.7139864207813
50.6701170565412
49.6908210535069
45.9825217948715
58.9526382769158
52.2977405605497
44.7428255883227
48.6159210189091
61.8432140295252
41.5841281650976
40.5018313528065
53.2117060966899
34.6871290814791
69.9971610695605
53.4568182892794
57.4782333742356
57.7200883312681
56.7500419909594
76.054499692199
45.6952743437113
45.9227597283021
53.7186407932642
66.556638036438
55.1605460462121
56.481072082643
65.7157413944607
37.8129280590227
48.7391581560668
39.8111070856829
58.2174984785097
40.0776614883311
49.6035913696261
40.4836640895931
57.7945084006267
50.0495677770332
86.6505771528046
40.8294668357833
51.8341813739218
46.4424390823209
48.3714534637968
50.4746101781169
45.0643766782781
32.5267318386713
35.9672701955841
48.5082278397813
48.2038929080992
41.1843836071913
41.4560586525294
55.2572865715841
41.9777505325736
49.8437597427161
49.6294318819661
53.8969908933186
50.2869315978353
42.2384374755064
54.1306213357319
42.6190830623929
43.1037187571526
45.0307859224134
83.3828351481245
59.7608213328721
47.1295752854472
41.1584373028683
45.6934689972551
43.1282077649802
49.7552373444069
53.5119330517917
56.0017633840505
53.3063681936491
54.3508853887467
50.2543058334376
35.8109616554253
44.4324391894941
49.7237518723163
42.736593199085
46.9522252729088
51.0385285334878
38.9408817792903
59.244083623825
58.0779783199248
45.6925645164588
74.6818774785438
41.2806897061307
68.2434048711936
41.6725435265521
48.5885756094788
56.7337909569969
99.7616388406151
52.9100949727287
50.6882953722283
56.2531409426446
52.7186272832178
94.5262213614152
45.5202233957019
95.6502796382866
84.5764469747882
46.1023914049208
47.9374796146465
47.4767881947696
52.6454065144771
48.5728132644205
49.3338392515345
52.3740650150254
46.6644672217882
39.8661093627631
55.6574279473865
52.4741137953296
72.5675102234215
82.2559327789562
83.1975241497866
46.710915535118
94.3389716835034
40.5711553264269
51.10611073489
98.3636530608795
48.5526990833466
37.8749472013585
84.2923102872281
53.431666537686
61.63393697904
47.787981141736
72.9415739658246
44.6498007017713
72.0481091441846
47.6581009930638
45.7960843853608
66.4562817218545
48.3299412376539
46.5682317251918
58.8734888178014
60.892634178178
60.6114022249999
62.9299900736083
73.0308682010344
35.5565683979736
62.7789430197789
15.1195769179264
82.0180129401974
47.7321651750772
50.4723650452743
45.896688498922
45.4170969092806
46.6769065706334
53.5065151492743
40.8172917418548
81.7855614243875
51.6061430154678
43.4824467451545
48.2842114300978
48.4925834198598
64.3488254621855
56.9283239698826
46.0599891291429
74.92235585173
46.0961061323858
38.8090464328616
56.9471240316531
40.365681253596
51.7351616794909
42.1990106835753
38.7554997613406
48.7654750022313
34.6177032637779
42.4975408908764
48.0061386587231
51.4989097600962
51.496888038828
47.6595816572126
45.4103196502726
40.453453861023704
51.3670586690479
63.4615539100945
39.200740772543
81.6747465286594
44.8158959139891
43.1331390626579
43.5109698830902
55.3692573912293
54.0806652651094
44.3513204865303
71.2732892427147
66.0099424479136
51.5003170456905
58.1319526443009
54.6696498871945
51.2785887571686
63.0181475886422
49.9370397455588
27.2985559803402
41.2742036355202
67.6503853467342
44.5432215469637
50.2368957594081
56.1748881716437
47.0897684187882
79.7191842981365
81.0376852730311
15.0632300334391
42.3517748717223
54.5415644983343
40.2774294129731
45.5120908480298
54.4818324987392
47.5856804957184
52.6239774277512
43.3128759525719
49.4676933527056
52.8674688810712
38.0052502393906
46.6705085178435
49.2027419306694
33.5794825959166
43.5274488840122
47.8247386254383
41.8029335664074
48.5834162890548
36.0569903113208
46.0317353949032
56.6548182743699
57.0959842447583
44.6483089499236
52.3858994316042
44.0331536587141
37.1904273758638
53.6894452787928
44.3375837134487
59.241844161141
69.8692252280737
49.0595802050543
48.1890509644859
63.1752567767009
46.7660763125113
59.7875118220495
67.9697681768001
49.2811260944393
47.3471380595944
46.6614603761156
83.7972724341413
52.754438296537
52.2048936320515
48.6212594325688
53.3938666767759
64.017701109449
42.1030638177929
49.3256108997123
60.5457669165198
49.4240251265639
71.6489962729577
47.1169666142425
43.8944217916435
43.8081287118584
54.8595563427353
47.4109403868084
39.1106880076644
47.4543187036255
90.1891091970439
44.4022639049709
54.5310243448168
45.7612512883677
78.9766369100774
53.2818672327293
63.1063530456781
42.6201830535031
45.7734498626858
39.9781510658918
19.6841623134205
42.2615707122257
70.3235610400277
49.9440758895253
49.7941723677003
50.7302698103009
59.3518633606294
56.7325567730866
48.3413607895418
53.7838963746256
53.665832061489
60.6500405350271
58.9530347728011
54.0379961445291
51.2361117918727
55.0153553295033
70.772431471194
65.6417473998285
65.7524510567739
53.407898980012
74.0779100149524
47.6057075226859
52.1624019174506
40.4250688685889
41.5613310502758
77.2453308105494
41.2667337476652
77.1972445603772
54.1023058495671
50.6052804598183
45.7728803079044
48.487140466615
46.0747238463252
52.9034348040897
48.2820777666773
32.1079686783865
61.7484278748733
32.532368646777
76.4141059404307
56.1726340762658
52.7663122217687
43.9810162510158
42.172062730241
57.0161164258074
68.6278611510978
50.0039834215953
48.1860269952282
73.9903365840614
63.9451668477411
48.7678801661063
57.4084268916615
59.7659979680284
57.3644589526041
57.5859883891642
56.0493859638511
46.5118950543782
45.2995767788231
51.0696655999239
54.7458954699245
62.0789747724839
40.8785273620214
48.0564301396584
52.6613655380228
44.8904799488627
54.5431581428405
29.2707048756455
59.6171522957968
70.6855437021979
70.8016669276453
50.5827144528077
67.0930770377999
42.8694980644571
50.579687002721
58.0784180854778
69.0006128143549
51.6579889656855
51.4682629438078
34.5652564077353
43.5512969396415
62.2957858324199
50.5010949536561
65.0909748068588
66.5805482737318
52.1962838671263
37.7711166731294
48.5817350860323
44.0374453004597
42.2088315205805
59.0779897942272
42.4252680654861
53.6869943602509
46.1819875615772
51.7638302510375
38.3977619209539
36.2637763871075
47.1140709714038
57.3497602775753
68.0112327485912
56.944088309272
63.3710507177485
67.4795848426864
39.8606068295719
58.6199760604126
64.4866254733364
37.5832011221255
78.7422906688931
55.2474424936889
65.4892626334658
60.0772459339834
52.1970429516877
36.2711342597454
44.0100874407043
36.9623288844204
65.0453032602795
59.6388552865831
57.8040029946734
70.7937207325491
50.3088224054194
56.3546505926549
67.5778909535514
59.9672625413335
51.1565461090782
52.6187225228198
20.932914948293
52.29921287121
60.5261866884976
79.1735172516636
59.2455812791963
48.9235747029407
67.0970856509425
47.3949948729765
58.8910901783006
57.3733411389429
57.7092230379248
41.5174158997035
53.3791645148445
47.4467660939731
51.0789879100702
53.0328144801554
63.274145380331
52.5259488953757
60.258911764291
55.8181513264628
32.2007102924649
47.4701882245494
63.4468067996473
56.4967001972441
68.2953226938117
89.9025744796763
78.6761179390754
67.1901984651711
60.5639023709026
68.8936935982362
43.9797619222988
61.3133497268909
58.7973879598671
48.6149043192597
46.6007774528405
58.0723597567862
55.1600910446724
53.9735082218381
53.0318032155134
97.1377084456229
54.2861227198507
57.1789696843788
57.9321489224792
46.7999627690034
61.5645230833256
60.8325309159867
39.8435579755156
43.5061080852799
49.4167981644372
36.3433401235661
38.7736543393972
55.5346143977726
40.7391606953137
41.2894275804705
44.7719547601241
44.8798204061405
50.6467118907575
75.5514026242354
47.9370311578517
46.1977432334621
56.2613045441854
47.4653849043854
50.0189243526373
40.8972926944907
57.9377220865182
55.9599434832193
54.2526784122993
53.2440210619315
67.5712247970883
53.2071408695434
45.2964297294875
50.3134001780013
41.6824036914542
51.6588189588984
64.9807818837777
49.0287023098895
59.1902641293776
53.3270001813239
61.8258850886109
57.2170069910463
55.8613366044802
63.5384137066092
59.8339961755635
40.802283173454
42.1898755662946
39.408567966599
49.6218645687482
64.3891107845557
52.3027263011451
70.3572053728508
56.0712422938875
47.1959918139677
72.9488944817756
61.7352184992316
56.2868304856617
44.8172608369124
44.6882753775131
60.2571537453968
60.5246453734188
57.1362098997198
42.1440183687396
62.576179950223
59.9946651465056
56.6024409460274
69.6629856124791
60.5382833651816
54.1533245050538
72.5923916115076
42.6164105193643
51.5370980864629
49.6635505153781
67.2628453273044
53.1216855195626
53.6423242962196
45.3142099449808
46.3572929453601
81.0688402973852
56.5453741561503
28.8843894041255
64.3924031813881
62.9994908540754
42.4210062563855
49.9536588508201
51.3689901299244
65.6107779390701
41.3798766727314
60.8650919305712
70.0683054476252
17.053141069737
65.4008339466267
64.0624329363367
58.1984037198788
55.3342092319861
71.6775595583864
74.1059191700685
46.7173111640175
44.7538171745365
50.1742159758325
53.1759629995666
49.241644042952
69.9989630233734
45.1939169137583
53.8571957692478
48.3736321400636
63.6405921469953
50.6200973414013
59.8542404051032
53.8079528266527
48.0338528013858
37.3298855672698
57.0113577747125
31.2988785428919
55.0987044191936
40.7633316233232
44.0963178644311
43.5896653006429
38.4345319486252
49.3051144164798
57.634263733184
69.4197428322195
55.4375579621721
41.0622215254613
55.0242308521392
44.8252429207455
48.9248929306235
35.3479787189917
51.97097817161
66.0684288821534
59.8173850998214
38.1076043481305
69.2348997624412
61.4111326607082
70.8858951116594
46.9002413888974
55.6791955901868
58.8635067650944
36.8850198384123
46.225246441125
59.3493408737652
59.1903577919799
52.1614227991687
67.7688421766024
51.0333944221931
65.6858312799917
46.8769611223548
42.9074292407515
45.5845880562062
43.7079495235594
66.2550680877761
49.7965797764843
54.5160700674504
43.4803114909933
34.1047712335739
54.4860299240801
47.2697327804328
49.5345085816633
35.581036858911
40.8863698990627
47.1462722174433
38.0750583871918
27.3039826019463
34.670918570195
62.3226655753402
49.8565232822967
48.1286405748798
50.1137535625378
68.8918750912384
41.7915486913396
29.4081063775769
24.838660628272
44.182681018275
46.328889481471
45.3646467653599
45.2545905938254
54.5153592753496
49.5647040170047
21.9565943815011
40.4822770159514
50.2469458673026
46.4973418114293
51.7833624851088
57.662795415647
49.2651735787237
47.4297156278422
47.5465306969122
65.0551359856805
45.3048670949694
54.1995923626769
35.5023849055059
46.9148577483835
53.2966244709988
33.6787738346975
56.9095179036114
56.867887979241
49.8072624190105
57.0107156997719
48.2201434438743
42.2088095946722
63.0538636907449
38.2024303822738
37.9891611339845
56.2401777927247
40.5254566604138
53.0575660967993
36.2797147055637
46.1719201876668
46.6324397643645
56.1803139121703
53.9408116810891
62.4115342891966
28.7496699762666
56.7258643309641
42.665515509631
44.3869283787949
52.7290872717344
40.9744501066618
58.3899086432059
41.4825982057648
46.0723787420289
53.1389368530543
53.2871464384403
39.4938152017338
46.3656216560806
50.8413501882541
48.7497912736267
63.6688417456816
54.1633633052386
80.5135126021059
64.7787079828012
40.3067299645038
44.4957486790325
27.8843655345387
53.1504092204175
16.973437107717
48.6806780113127
55.3533567921914
58.5363909212449
47.4614541687715
52.9826025726699
49.7860539618868
42.2504545785406
43.7467849685143
70.3155578082617
58.242727533734
67.5487621180631
44.6930678110304
46.5328266470076
51.4280770911923
58.1978612138088
46.8330985679376
61.0555140176038
46.1897688157497
43.9497700635434
60.2747792296308
58.8518890986863
43.9502485607313
48.933717019579
75.6480742936122
63.0373252360032
58.3653342351631
71.8793917702237
57.0807375890288
54.2567057910642
50.7140509528568
52.7832210345921
97.3497903095319
71.2090488099219
43.734577532514
46.8697865082009
74.2583224213661
65.0842014460703
36.4851616324868
48.0585772053612
57.0330150638212
43.0878849684091
42.4225704805442
43.6691578948484
17.0919313614234
41.4211461198048
48.6550988899687
39.3045821153174
87.9450983036911
51.5795155489396
